72352.0	32576.0	32844.0	2590.0	61062.0	28914.0
72449.0	32619.0	32887.0	2593.0	61141.0	28951.0
72546.0	32662.0	32930.0	2596.0	61220.0	28988.0
72643.0	32705.0	32973.0	2599.0	61299.0	29025.0
72740.0	32748.0	33016.0	2602.0	61378.0	29062.0
72837.0	32791.0	33059.0	2605.0	61457.0	29099.0
72934.0	32834.0	33102.0	2608.0	61536.0	29136.0
73031.0	32877.0	33145.0	2611.0	61615.0	29173.0
73128.0	32920.0	33188.0	2614.0	61694.0	29210.0
73225.0	32963.0	33231.0	2617.0	61773.0	29247.0
73322.0	33006.0	33274.0	2620.0	61852.0	29284.0
73419.0	33049.0	33317.0	2623.0	61931.0	29321.0
73516.0	33092.0	33360.0	2626.0	62010.0	29358.0
73613.0	33135.0	33403.0	2629.0	62089.0	29395.0
73710.0	33178.0	33446.0	2632.0	62168.0	29432.0
73807.0	33221.0	33489.0	2635.0	62247.0	29469.0
73904.0	33264.0	33532.0	2638.0	62326.0	29506.0
74001.0	33307.0	33575.0	2641.0	62405.0	29543.0
74098.0	33350.0	33618.0	2644.0	62484.0	29580.0
74195.0	33393.0	33661.0	2647.0	62563.0	29617.0
74292.0	33436.0	33704.0	2650.0	62642.0	29654.0
74389.0	33479.0	33747.0	2653.0	62721.0	29691.0
74486.0	33522.0	33790.0	2656.0	62800.0	29728.0
74583.0	33565.0	33833.0	2659.0	62879.0	29765.0
74680.0	33608.0	33876.0	2662.0	62958.0	29802.0
74777.0	33651.0	33919.0	2665.0	63037.0	29839.0
74874.0	33694.0	33962.0	2668.0	63116.0	29876.0
74971.0	33737.0	34005.0	2671.0	63195.0	29913.0
75068.0	33780.0	34048.0	2674.0	63274.0	29950.0
75165.0	33823.0	34091.0	2677.0	63353.0	29987.0
75262.0	33866.0	34134.0	2680.0	63432.0	30024.0
75359.0	33909.0	34177.0	2683.0	63511.0	30061.0
75456.0	33952.0	34220.0	2686.0	63590.0	30098.0
75553.0	33995.0	34263.0	2689.0	63669.0	30135.0
75650.0	34038.0	34306.0	2692.0	63748.0	30172.0
75747.0	34081.0	34349.0	2695.0	63827.0	30209.0
75844.0	34124.0	34392.0	2698.0	63906.0	30246.0
75941.0	34167.0	34435.0	2701.0	63985.0	30283.0
76038.0	34210.0	34478.0	2704.0	64064.0	30320.0
76135.0	34253.0	34521.0	2707.0	64143.0	30357.0
76232.0	34296.0	34564.0	2710.0	64222.0	30394.0
76329.0	34339.0	34607.0	2713.0	64301.0	30431.0
76426.0	34382.0	34650.0	2716.0	64380.0	30468.0
76523.0	34425.0	34693.0	2719.0	64459.0	30505.0
76620.0	34468.0	34736.0	2722.0	64538.0	30542.0
76717.0	34511.0	34779.0	2725.0	64617.0	30579.0
76814.0	34554.0	34822.0	2728.0	64696.0	30616.0
76911.0	34597.0	34865.0	2731.0	64775.0	30653.0
77008.0	34640.0	34908.0	2734.0	64854.0	30690.0
77105.0	34683.0	34951.0	2737.0	64933.0	30727.0
77202.0	34726.0	34994.0	2740.0	65012.0	30764.0
77299.0	34769.0	35037.0	2743.0	65091.0	30801.0
77396.0	34812.0	35080.0	2746.0	65170.0	30838.0
77493.0	34855.0	35123.0	2749.0	65249.0	30875.0
77590.0	34898.0	35166.0	2752.0	65328.0	30912.0
77687.0	34941.0	35209.0	2755.0	65407.0	30949.0
77784.0	34984.0	35252.0	2758.0	65486.0	30986.0
77881.0	35027.0	35295.0	2761.0	65565.0	31023.0
77978.0	35070.0	35338.0	2764.0	65644.0	31060.0
78075.0	35113.0	35381.0	2767.0	65723.0	31097.0
78172.0	35156.0	35424.0	2770.0	65802.0	31134.0
78269.0	35199.0	35467.0	2773.0	65881.0	31171.0
78366.0	35242.0	35510.0	2776.0	65960.0	31208.0
78463.0	35285.0	35553.0	2779.0	66039.0	31245.0
78560.0	35328.0	35596.0	2782.0	66118.0	31282.0
78657.0	35371.0	35639.0	2785.0	66197.0	31319.0
78754.0	35414.0	35682.0	2788.0	66276.0	31356.0
78851.0	35457.0	35725.0	2791.0	66355.0	31393.0
78948.0	35500.0	35768.0	2794.0	66434.0	31430.0
79045.0	35543.0	35811.0	2797.0	66513.0	31467.0
79142.0	35586.0	35854.0	2800.0	66592.0	31504.0
79239.0	35629.0	35897.0	2803.0	66671.0	31541.0
79336.0	35672.0	35940.0	2806.0	66750.0	31578.0
79433.0	35715.0	35983.0	2809.0	66829.0	31615.0
79530.0	35758.0	36026.0	2812.0	66908.0	31652.0
79627.0	35801.0	36069.0	2815.0	66987.0	31689.0
79724.0	35844.0	36112.0	2818.0	67066.0	31726.0
79821.0	35887.0	36155.0	2821.0	67145.0	31763.0
79918.0	35930.0	36198.0	2824.0	67224.0	31800.0
80015.0	35973.0	36241.0	2827.0	67303.0	31837.0
80112.0	36016.0	36284.0	2830.0	67382.0	31874.0
80209.0	36059.0	36327.0	2833.0	67461.0	31911.0
80306.0	36102.0	36370.0	2836.0	67540.0	31948.0
80403.0	36145.0	36413.0	2839.0	67619.0	31985.0
80500.0	36188.0	36456.0	2842.0	67698.0	32022.0
80597.0	36231.0	36499.0	2845.0	67777.0	32059.0
80694.0	36274.0	36542.0	2848.0	67856.0	32096.0
80791.0	36317.0	36585.0	2851.0	67935.0	32133.0
80888.0	36360.0	36628.0	2854.0	68014.0	32170.0
80985.0	36403.0	36671.0	2857.0	68093.0	32207.0
81082.0	36446.0	36714.0	2860.0	68172.0	32244.0
81179.0	36489.0	36757.0	2863.0	68251.0	32281.0
81276.0	36532.0	36800.0	2866.0	68330.0	32318.0
81373.0	36575.0	36843.0	2869.0	68409.0	32355.0
81470.0	36618.0	36886.0	2872.0	68488.0	32392.0
81567.0	36661.0	36929.0	2875.0	68567.0	32429.0
81664.0	36704.0	36972.0	2878.0	68646.0	32466.0
81761.0	36747.0	37015.0	2881.0	68725.0	32503.0
81858.0	36790.0	37058.0	2884.0	68804.0	32540.0
81955.0	36833.0	37101.0	2887.0	68883.0	32577.0
82052.0	36876.0	37144.0	2890.0	68962.0	32614.0
82149.0	36919.0	37187.0	2893.0	69041.0	32651.0
82246.0	36962.0	37230.0	2896.0	69120.0	32688.0
82343.0	37005.0	37273.0	2899.0	69199.0	32725.0
82440.0	37048.0	37316.0	2902.0	69278.0	32762.0
82537.0	37091.0	37359.0	2905.0	69357.0	32799.0
82634.0	37134.0	37402.0	2908.0	69436.0	32836.0
82731.0	37177.0	37445.0	2911.0	69515.0	32873.0
82828.0	37220.0	37488.0	2914.0	69594.0	32910.0
82925.0	37263.0	37531.0	2917.0	69673.0	32947.0
82925.0	37306.0	37574.0	2920.0	69752.0	32984.0
82925.0	37349.0	37617.0	2923.0	69831.0	33021.0
82925.0	37392.0	37660.0	2926.0	69910.0	33058.0
82925.0	37435.0	37703.0	2929.0	69989.0	33095.0
82925.0	37478.0	37746.0	2932.0	70068.0	33132.0
82925.0	37521.0	37789.0	2935.0	70147.0	33169.0
83022.0	37564.0	37832.0	2938.0	70226.0	33206.0
83119.0	37607.0	37875.0	2941.0	70305.0	33243.0
83216.0	37650.0	37918.0	2944.0	70384.0	33280.0
83313.0	37693.0	37961.0	2947.0	70463.0	33317.0
83410.0	37736.0	38004.0	2950.0	70542.0	33354.0
83507.0	37779.0	38047.0	2953.0	70621.0	33391.0
83604.0	37822.0	38090.0	2956.0	70700.0	33428.0
83701.0	37865.0	38133.0	2959.0	70779.0	33465.0
83798.0	37908.0	38176.0	2962.0	70858.0	33502.0
83895.0	37951.0	38219.0	2965.0	70937.0	33539.0
83992.0	37994.0	38262.0	2968.0	71016.0	33576.0
84089.0	38037.0	38305.0	2971.0	71095.0	33613.0
84186.0	38080.0	38348.0	2974.0	71174.0	33650.0
84283.0	38123.0	38391.0	2977.0	71253.0	33687.0
84380.0	38166.0	38434.0	2980.0	71332.0	33724.0
84477.0	38209.0	38477.0	2983.0	71411.0	33761.0
84574.0	38252.0	38520.0	2986.0	71490.0	33798.0
84671.0	38295.0	38563.0	2989.0	71569.0	33835.0
84768.0	38338.0	38606.0	2992.0	71648.0	33872.0
84865.0	38381.0	38649.0	2995.0	71727.0	33909.0
84962.0	38424.0	38692.0	2998.0	71806.0	33946.0
85059.0	38467.0	38735.0	3001.0	71885.0	33983.0
85156.0	38510.0	38778.0	3004.0	71964.0	34020.0
85253.0	38553.0	38821.0	3007.0	72043.0	34057.0
85350.0	38596.0	38864.0	3010.0	72122.0	34094.0
85447.0	38639.0	38907.0	3013.0	72201.0	34131.0
85544.0	38682.0	38950.0	3016.0	72280.0	34168.0
85641.0	38725.0	38993.0	3019.0	72359.0	34205.0
85738.0	38768.0	39036.0	3022.0	72438.0	34242.0
85835.0	38811.0	39079.0	3025.0	72517.0	34279.0
85932.0	38854.0	39122.0	3028.0	72596.0	34316.0
86029.0	38897.0	39165.0	3031.0	72675.0	34353.0
86126.0	38940.0	39208.0	3034.0	72754.0	34390.0
86223.0	38983.0	39251.0	3037.0	72833.0	34427.0
86320.0	39026.0	39294.0	3040.0	72912.0	34464.0
86417.0	39069.0	39337.0	3043.0	72991.0	34501.0
86514.0	39112.0	39380.0	3046.0	73070.0	34538.0
86611.0	39155.0	39423.0	3049.0	73149.0	34575.0
86708.0	39198.0	39466.0	3052.0	73228.0	34612.0
86805.0	39241.0	39509.0	3055.0	73307.0	34649.0
86902.0	39284.0	39552.0	3058.0	73386.0	34686.0
86999.0	39327.0	39595.0	3061.0	73465.0	34723.0
87096.0	39370.0	39638.0	3064.0	73544.0	34760.0
87193.0	39413.0	39681.0	3067.0	73623.0	34797.0
87290.0	39456.0	39724.0	3070.0	73702.0	34834.0
87387.0	39499.0	39767.0	3073.0	73781.0	34871.0
87484.0	39542.0	39810.0	3076.0	73860.0	34908.0
87581.0	39585.0	39853.0	3079.0	73939.0	34945.0
87678.0	39628.0	39896.0	3082.0	74018.0	34982.0
87775.0	39671.0	39939.0	3085.0	74097.0	35019.0
87872.0	39714.0	39982.0	3088.0	74176.0	35056.0
87969.0	39757.0	40025.0	3091.0	74255.0	35093.0
88066.0	39800.0	40068.0	3094.0	74334.0	35130.0
88163.0	39843.0	40111.0	3097.0	74413.0	35167.0
88260.0	39886.0	40154.0	3100.0	74492.0	35204.0
88357.0	39929.0	40197.0	3103.0	74571.0	35241.0
88454.0	39972.0	40240.0	3106.0	74650.0	35278.0
88551.0	40015.0	40283.0	3109.0	74729.0	35315.0
88648.0	40058.0	40326.0	3112.0	74808.0	35352.0
88745.0	40101.0	40369.0	3115.0	74887.0	35389.0
88842.0	40144.0	40412.0	3118.0	74966.0	35426.0
88939.0	40187.0	40455.0	3121.0	75045.0	35463.0
89036.0	40230.0	40498.0	3124.0	75124.0	35500.0
89133.0	40273.0	40541.0	3127.0	75203.0	35537.0
89230.0	40316.0	40584.0	3130.0	75282.0	35574.0
89327.0	40359.0	40627.0	3133.0	75361.0	35611.0
89424.0	40402.0	40670.0	3136.0	75440.0	35648.0
89521.0	40445.0	40713.0	3139.0	75519.0	35685.0
89618.0	40488.0	40756.0	3142.0	75598.0	35722.0
89715.0	40531.0	40799.0	3145.0	75677.0	35759.0
89812.0	40574.0	40842.0	3148.0	75756.0	35796.0
89909.0	40617.0	40885.0	3151.0	75835.0	35833.0
90006.0	40660.0	40928.0	3154.0	75914.0	35870.0
90103.0	40703.0	40971.0	3157.0	75993.0	35907.0
90200.0	40746.0	41014.0	3160.0	76072.0	35944.0
90297.0	40789.0	41057.0	3163.0	76151.0	35981.0
90394.0	40832.0	41100.0	3166.0	76230.0	36018.0
90491.0	40875.0	41143.0	3169.0	76309.0	36055.0
90588.0	40918.0	41186.0	3172.0	76388.0	36092.0
90685.0	40961.0	41229.0	3175.0	76467.0	36129.0
90782.0	41004.0	41272.0	3178.0	76546.0	36166.0
90879.0	41047.0	41315.0	3181.0	76625.0	36203.0
90976.0	41090.0	41358.0	3184.0	76704.0	36240.0
91073.0	41133.0	41401.0	3187.0	76783.0	36240.0
91170.0	41176.0	41444.0	3190.0	76862.0	36240.0
91267.0	41219.0	41487.0	3193.0	76941.0	36240.0
91364.0	41262.0	41530.0	3196.0	77020.0	36240.0
91461.0	41305.0	41573.0	3199.0	77099.0	36240.0
91558.0	41348.0	41616.0	3202.0	77178.0	36240.0
91655.0	41391.0	41659.0	3205.0	77257.0	36240.0
91752.0	41434.0	41702.0	3208.0	77336.0	36240.0
91849.0	41477.0	41745.0	3211.0	77415.0	36240.0
91946.0	41520.0	41788.0	3214.0	77494.0	36240.0
92043.0	41563.0	41831.0	3217.0	77573.0	36240.0
92140.0	41606.0	41874.0	3220.0	77652.0	36240.0
92237.0	41649.0	41917.0	3223.0	77731.0	36240.0
92334.0	41692.0	41960.0	3226.0	77810.0	36240.0
92431.0	41735.0	42003.0	3229.0	77889.0	36240.0
92528.0	41778.0	42046.0	3232.0	77968.0	36240.0
92625.0	41821.0	42089.0	3235.0	78047.0	36240.0
92722.0	41864.0	42132.0	3238.0	78126.0	36240.0
92819.0	41907.0	42175.0	3241.0	78205.0	36240.0
92916.0	41950.0	42218.0	3244.0	78284.0	36240.0
93013.0	41993.0	42261.0	3247.0	78363.0	36240.0
93110.0	42036.0	42304.0	3250.0	78442.0	36240.0
93207.0	42079.0	42347.0	3253.0	78521.0	36240.0
93304.0	42122.0	42390.0	3256.0	78600.0	36240.0
93401.0	42165.0	42433.0	3259.0	78679.0	36240.0
93498.0	42208.0	42476.0	3262.0	78758.0	36240.0
93595.0	42251.0	42519.0	3265.0	78837.0	36240.0
93692.0	42294.0	42562.0	3268.0	78916.0	36240.0
93789.0	42337.0	42605.0	3271.0	78995.0	36240.0
93886.0	42380.0	42648.0	3274.0	79074.0	36240.0
93983.0	42423.0	42691.0	3277.0	79153.0	36240.0
94080.0	42466.0	42734.0	3280.0	79232.0	36240.0
94177.0	42509.0	42777.0	3283.0	79311.0	36240.0
94274.0	42552.0	42820.0	3286.0	79390.0	36240.0
94371.0	42595.0	42863.0	3289.0	79469.0	36240.0
94468.0	42638.0	42906.0	3292.0	79548.0	36240.0
94565.0	42681.0	42949.0	3295.0	79627.0	36240.0
94662.0	42724.0	42992.0	3298.0	79706.0	36240.0
94759.0	42767.0	43035.0	3301.0	79785.0	36240.0
94856.0	42810.0	43078.0	3304.0	79864.0	36240.0
94953.0	42853.0	43121.0	3307.0	79943.0	36240.0
95050.0	42896.0	43164.0	3310.0	80022.0	36240.0
95147.0	42939.0	43207.0	3313.0	80101.0	36240.0
95244.0	42982.0	43250.0	3316.0	80180.0	36240.0
95341.0	43025.0	43293.0	3319.0	80259.0	36240.0
95438.0	43068.0	43336.0	3322.0	80338.0	36240.0
95535.0	43111.0	43379.0	3325.0	80417.0	36240.0
95632.0	43154.0	43422.0	3328.0	80496.0	36240.0
95729.0	43197.0	43465.0	3331.0	80575.0	36240.0
95826.0	43240.0	43508.0	3334.0	80654.0	36240.0
95923.0	43283.0	43551.0	3337.0	80733.0	36240.0
96020.0	43326.0	43594.0	3340.0	80812.0	36240.0
96117.0	43369.0	43637.0	3343.0	80891.0	36240.0
96214.0	43412.0	43680.0	3346.0	80970.0	36240.0
96311.0	43455.0	43723.0	3349.0	81049.0	36240.0
96408.0	43498.0	43766.0	3352.0	81128.0	36240.0
96505.0	43541.0	43809.0	3355.0	81207.0	36240.0
96602.0	43584.0	43852.0	3358.0	81286.0	36240.0
96699.0	43627.0	43895.0	3361.0	81365.0	36240.0
96796.0	43670.0	43938.0	3364.0	81444.0	36240.0
96893.0	43713.0	43981.0	3367.0	81523.0	36240.0
96990.0	43756.0	44024.0	3370.0	81602.0	36240.0
97087.0	43799.0	44067.0	3373.0	81681.0	36240.0
97184.0	43842.0	44110.0	3376.0	81760.0	36240.0
97281.0	43885.0	44153.0	3379.0	81839.0	36240.0
97378.0	43928.0	44196.0	3382.0	81918.0	36240.0
97475.0	43971.0	44239.0	3385.0	81997.0	36240.0
97572.0	44014.0	44282.0	3388.0	82076.0	36240.0
97669.0	44057.0	44325.0	3391.0	82155.0	36240.0
97766.0	44100.0	44368.0	3394.0	82234.0	36240.0
97863.0	44143.0	44411.0	3397.0	82313.0	36240.0
97960.0	44186.0	44454.0	3400.0	82392.0	36240.0
98057.0	44229.0	44497.0	3403.0	82471.0	36240.0
98154.0	44272.0	44540.0	3406.0	82550.0	36240.0
98251.0	44315.0	44583.0	3409.0	82629.0	36240.0
98348.0	44358.0	44626.0	3412.0	82708.0	36240.0
98445.0	44401.0	44669.0	3415.0	82787.0	36240.0
98542.0	44444.0	44712.0	3418.0	82866.0	36240.0
98639.0	44487.0	44755.0	3421.0	82945.0	36240.0
98736.0	44530.0	44798.0	3424.0	83024.0	36240.0
98833.0	44573.0	44841.0	3427.0	83103.0	36240.0
98930.0	44616.0	44884.0	3430.0	83182.0	36240.0
99027.0	44659.0	44927.0	3433.0	83261.0	36240.0
99124.0	44702.0	44970.0	3436.0	83340.0	36240.0
99221.0	44745.0	45013.0	3439.0	83419.0	36240.0
99318.0	44788.0	45056.0	3442.0	83498.0	36240.0
99415.0	44831.0	45099.0	3445.0	83577.0	36240.0
99512.0	44874.0	45142.0	3448.0	83656.0	36240.0
99609.0	44917.0	45185.0	3451.0	83735.0	36240.0
99706.0	44960.0	45228.0	3454.0	83814.0	36240.0
99803.0	45003.0	45271.0	3457.0	83893.0	36240.0
99900.0	45046.0	45314.0	3460.0	83972.0	36240.0
99997.0	45089.0	45357.0	3463.0	84051.0	36240.0
100094.0	45132.0	45400.0	3466.0	84130.0	36240.0
100191.0	45175.0	45443.0	3469.0	84209.0	36240.0
100288.0	45218.0	45486.0	3472.0	84288.0	36240.0
100385.0	45261.0	45529.0	3475.0	84367.0	36240.0
100482.0	45304.0	45572.0	3478.0	84446.0	36240.0
100579.0	45347.0	45615.0	3481.0	84525.0	36240.0
100676.0	45390.0	45658.0	3484.0	84604.0	36240.0
100773.0	45433.0	45701.0	3487.0	84683.0	36240.0
100870.0	45476.0	45744.0	3490.0	84762.0	36240.0
100967.0	45519.0	45787.0	3493.0	84841.0	36240.0
101064.0	45562.0	45830.0	3496.0	84920.0	36240.0
101161.0	45605.0	45873.0	3499.0	84999.0	36240.0
101258.0	45648.0	45916.0	3502.0	85078.0	36240.0
101355.0	45691.0	45959.0	3505.0	85157.0	36240.0
101452.0	45734.0	46002.0	3508.0	85236.0	36240.0
101549.0	45777.0	46045.0	3511.0	85315.0	36240.0
101646.0	45820.0	46088.0	3514.0	85394.0	36240.0
101743.0	45863.0	46131.0	3517.0	85473.0	36240.0
101840.0	45906.0	46174.0	3520.0	85552.0	36240.0
101937.0	45949.0	46217.0	3523.0	85631.0	36240.0
102034.0	45992.0	46260.0	3526.0	85710.0	36240.0
102131.0	46035.0	46303.0	3529.0	85789.0	36240.0
102228.0	46078.0	46346.0	3532.0	85868.0	36240.0
102325.0	46121.0	46389.0	3535.0	85947.0	36240.0
102422.0	46164.0	46432.0	3538.0	86026.0	36240.0
102519.0	46207.0	46475.0	3541.0	86105.0	36240.0
102616.0	46250.0	46518.0	3544.0	86184.0	36240.0
102713.0	46293.0	46561.0	3547.0	86263.0	36240.0
102810.0	46336.0	46604.0	3550.0	86342.0	36240.0
102907.0	46379.0	46647.0	3553.0	86421.0	36240.0
103004.0	46422.0	46690.0	3556.0	86500.0	36240.0
103101.0	46465.0	46733.0	3559.0	86579.0	36240.0
103198.0	46508.0	46776.0	3562.0	86658.0	36240.0
103295.0	46551.0	46819.0	3565.0	86737.0	36240.0
103392.0	46594.0	46862.0	3568.0	86816.0	36240.0
103489.0	46637.0	46905.0	3571.0	86895.0	36240.0
103586.0	46680.0	46948.0	3574.0	86974.0	36240.0
103683.0	46723.0	46991.0	3577.0	87053.0	36240.0
103780.0	46766.0	47034.0	3580.0	87132.0	36240.0
103877.0	46809.0	47077.0	3583.0	87211.0	36240.0
103974.0	46852.0	47120.0	3586.0	87290.0	36240.0
104071.0	46895.0	47163.0	3589.0	87369.0	36240.0
104168.0	46938.0	47206.0	3592.0	87448.0	36240.0
104265.0	46981.0	47249.0	3595.0	87527.0	36240.0
104362.0	47024.0	47292.0	3598.0	87606.0	36240.0
104459.0	47067.0	47335.0	3601.0	87685.0	36240.0
104556.0	47110.0	47378.0	3604.0	87764.0	36240.0
104653.0	47153.0	47421.0	3607.0	87843.0	36240.0
104750.0	47196.0	47464.0	3610.0	87922.0	36240.0
104847.0	47239.0	47507.0	3613.0	88001.0	36240.0
104944.0	47282.0	47550.0	3616.0	88080.0	36240.0
105041.0	47325.0	47593.0	3619.0	88159.0	36240.0
105138.0	47368.0	47636.0	3622.0	88238.0	36240.0
105235.0	47411.0	47679.0	3625.0	88317.0	36240.0
105332.0	47454.0	47722.0	3628.0	88396.0	36240.0
105429.0	47497.0	47765.0	3631.0	88475.0	36240.0
105526.0	47540.0	47808.0	3634.0	88554.0	36240.0
105623.0	47583.0	47851.0	3637.0	88633.0	36240.0
105720.0	47626.0	47894.0	3640.0	88712.0	36240.0
105817.0	47669.0	47937.0	3643.0	88791.0	36240.0
105914.0	47712.0	47980.0	3646.0	88870.0	36240.0
106011.0	47755.0	48023.0	3649.0	88949.0	36240.0
106108.0	47798.0	48066.0	3652.0	89028.0	36240.0
106205.0	47841.0	48109.0	3655.0	89107.0	36240.0
106302.0	47884.0	48152.0	3658.0	89186.0	36240.0
106399.0	47927.0	48195.0	3661.0	89265.0	36240.0
106496.0	47970.0	48238.0	3664.0	89344.0	36240.0
106593.0	48013.0	48281.0	3667.0	89423.0	36240.0
106690.0	48056.0	48324.0	3670.0	89502.0	36240.0
106787.0	48099.0	48367.0	3673.0	89581.0	36240.0
106884.0	48142.0	48410.0	3676.0	89660.0	36240.0
106981.0	48185.0	48453.0	3679.0	89739.0	36240.0
107078.0	48228.0	48496.0	3682.0	89818.0	36240.0
107175.0	48271.0	48539.0	3685.0	89897.0	36240.0
107272.0	48314.0	48582.0	3688.0	89976.0	36240.0
107369.0	48357.0	48625.0	3691.0	90055.0	36240.0
107466.0	48400.0	48668.0	3694.0	90134.0	36240.0
107563.0	48443.0	48711.0	3697.0	90213.0	36240.0
107660.0	48486.0	48754.0	3700.0	90292.0	36240.0
107757.0	48529.0	48797.0	3703.0	90371.0	36240.0
107854.0	48572.0	48840.0	3706.0	90450.0	36240.0
107951.0	48615.0	48883.0	3709.0	90529.0	36240.0
108048.0	48658.0	48926.0	3712.0	90608.0	36240.0
108145.0	48701.0	48969.0	3715.0	90687.0	36240.0
108242.0	48744.0	49012.0	3718.0	90766.0	36240.0
108339.0	48787.0	49055.0	3721.0	90845.0	36240.0
108436.0	48830.0	49098.0	3724.0	90924.0	36240.0
108533.0	48873.0	49141.0	3727.0	91003.0	36240.0
108630.0	48916.0	49184.0	3730.0	91082.0	36240.0
108727.0	48959.0	49227.0	3733.0	91161.0	36240.0
108824.0	49002.0	49270.0	3736.0	91240.0	36240.0
108921.0	49045.0	49313.0	3739.0	91319.0	36240.0
109018.0	49088.0	49356.0	3742.0	91398.0	36240.0
109115.0	49131.0	49399.0	3745.0	91477.0	36240.0
109212.0	49174.0	49442.0	3748.0	91556.0	36240.0
109309.0	49217.0	49485.0	3751.0	91635.0	36240.0
109406.0	49260.0	49528.0	3754.0	91714.0	36240.0
109503.0	49303.0	49571.0	3757.0	91793.0	36240.0
109600.0	49346.0	49614.0	3760.0	91872.0	36240.0
109697.0	49389.0	49657.0	3763.0	91951.0	36240.0
109794.0	49432.0	49700.0	3766.0	92030.0	36240.0
109891.0	49475.0	49743.0	3769.0	92109.0	36240.0
109988.0	49518.0	49786.0	3772.0	92188.0	36240.0
110085.0	49561.0	49829.0	3775.0	92267.0	36240.0
110182.0	49604.0	49872.0	3778.0	92346.0	36240.0
110279.0	49647.0	49915.0	3781.0	92425.0	36240.0
110376.0	49690.0	49958.0	3784.0	92504.0	36240.0
110473.0	49733.0	50001.0	3787.0	92583.0	36240.0
110570.0	49776.0	50044.0	3790.0	92662.0	36240.0
110667.0	49819.0	50087.0	3793.0	92741.0	36240.0
110764.0	49862.0	50130.0	3796.0	92820.0	36240.0
110861.0	49905.0	50173.0	3799.0	92899.0	36240.0
110958.0	49948.0	50216.0	3802.0	92978.0	36240.0
111055.0	49991.0	50259.0	3805.0	93057.0	36240.0
111152.0	50034.0	50302.0	3808.0	93136.0	36240.0
111249.0	50077.0	50345.0	3811.0	93215.0	36240.0
111346.0	50120.0	50388.0	3814.0	93294.0	36240.0
111443.0	50163.0	50431.0	3817.0	93373.0	36240.0
111540.0	50206.0	50474.0	3820.0	93452.0	36240.0
111637.0	50249.0	50517.0	3823.0	93531.0	36240.0
111734.0	50292.0	50560.0	3826.0	93610.0	36240.0
111831.0	50335.0	50603.0	3829.0	93689.0	36240.0
111928.0	50378.0	50646.0	3832.0	93768.0	36240.0
112025.0	50421.0	50689.0	3835.0	93847.0	36240.0
112122.0	50464.0	50732.0	3838.0	93926.0	36240.0
112219.0	50507.0	50775.0	3841.0	94005.0	36240.0
112316.0	50550.0	50818.0	3844.0	94084.0	36240.0
112413.0	50593.0	50861.0	3847.0	94163.0	36240.0
112510.0	50636.0	50904.0	3850.0	94242.0	36240.0
112607.0	50679.0	50947.0	3853.0	94321.0	36240.0
112704.0	50722.0	50990.0	3856.0	94400.0	36240.0
112801.0	50765.0	51033.0	3859.0	94479.0	36240.0
112898.0	50808.0	51076.0	3862.0	94558.0	36240.0
112995.0	50851.0	51119.0	3865.0	94637.0	36240.0
113092.0	50894.0	51162.0	3868.0	94716.0	36240.0
113189.0	50937.0	51205.0	3871.0	94795.0	36240.0
113286.0	50980.0	51248.0	3874.0	94874.0	36240.0
113383.0	51023.0	51291.0	3877.0	94953.0	36240.0
113480.0	51066.0	51334.0	3880.0	95032.0	36240.0
113577.0	51109.0	51377.0	3883.0	95111.0	36240.0
113674.0	51152.0	51420.0	3886.0	95190.0	36240.0
113771.0	51195.0	51463.0	3889.0	95269.0	36240.0
113868.0	51238.0	51506.0	3892.0	95348.0	36240.0
113965.0	51281.0	51549.0	3895.0	95427.0	36240.0
114062.0	51324.0	51592.0	3898.0	95506.0	36240.0
114159.0	51367.0	51635.0	3901.0	95585.0	36240.0
114256.0	51410.0	51678.0	3904.0	95664.0	36240.0
114353.0	51453.0	51721.0	3907.0	95743.0	36240.0
114450.0	51496.0	51764.0	3910.0	95822.0	36240.0
114547.0	51539.0	51807.0	3913.0	95901.0	36240.0
114644.0	51582.0	51850.0	3916.0	95980.0	36240.0
114741.0	51625.0	51893.0	3919.0	96059.0	36240.0
114838.0	51668.0	51936.0	3922.0	96138.0	36240.0
114935.0	51711.0	51979.0	3925.0	96217.0	36240.0
115032.0	51754.0	52022.0	3928.0	96296.0	36240.0
115129.0	51797.0	52065.0	3931.0	96375.0	36240.0
115226.0	51840.0	52108.0	3934.0	96454.0	36240.0
115323.0	51883.0	52151.0	3937.0	96533.0	36240.0
115420.0	51926.0	52194.0	3940.0	96612.0	36240.0
115517.0	51969.0	52237.0	3943.0	96691.0	36240.0
115614.0	52012.0	52280.0	3946.0	96770.0	36240.0
115711.0	52055.0	52323.0	3949.0	96849.0	36240.0
115808.0	52098.0	52366.0	3952.0	96928.0	36240.0
115905.0	52141.0	52409.0	3955.0	97007.0	36240.0
116002.0	52184.0	52452.0	3958.0	97086.0	36240.0
116099.0	52227.0	52495.0	3961.0	97165.0	36240.0
116196.0	52270.0	52538.0	3964.0	97244.0	36240.0
116293.0	52313.0	52581.0	3967.0	97323.0	36240.0
116390.0	52356.0	52624.0	3970.0	97402.0	36240.0
116487.0	52399.0	52667.0	3973.0	97481.0	36240.0
116584.0	52442.0	52710.0	3976.0	97560.0	36240.0
116681.0	52485.0	52753.0	3979.0	97639.0	36240.0
116778.0	52528.0	52796.0	3982.0	97718.0	36240.0
116875.0	52571.0	52839.0	3985.0	97797.0	36240.0
116972.0	52614.0	52882.0	3988.0	97876.0	36240.0
117069.0	52657.0	52925.0	3991.0	97955.0	36240.0
117166.0	52700.0	52968.0	3994.0	98034.0	36240.0
117263.0	52743.0	53011.0	3997.0	98113.0	36240.0
117360.0	52786.0	53054.0	4000.0	98192.0	36240.0
117457.0	52829.0	53097.0	4003.0	98271.0	36240.0
117554.0	52872.0	53140.0	4006.0	98350.0	36240.0
117651.0	52915.0	53183.0	4009.0	98429.0	36240.0
117748.0	52958.0	53226.0	4012.0	98508.0	36240.0
117845.0	53001.0	53269.0	4015.0	98587.0	36240.0
117942.0	53044.0	53312.0	4018.0	98666.0	36240.0
118039.0	53087.0	53355.0	4021.0	98745.0	36240.0
118136.0	53130.0	53398.0	4024.0	98824.0	36240.0
118233.0	53173.0	53441.0	4027.0	98903.0	36240.0
118330.0	53216.0	53484.0	4030.0	98982.0	36240.0
118427.0	53259.0	53527.0	4033.0	99061.0	36240.0
118524.0	53302.0	53570.0	4036.0	99140.0	36240.0
118621.0	53345.0	53613.0	4039.0	99219.0	36240.0
118718.0	53388.0	53656.0	4042.0	99298.0	36240.0
118815.0	53431.0	53699.0	4045.0	99377.0	36240.0
118912.0	53474.0	53742.0	4048.0	99456.0	36240.0
119009.0	53517.0	53785.0	4051.0	99535.0	36240.0
119106.0	53560.0	53828.0	4054.0	99614.0	36240.0
119203.0	53603.0	53871.0	4057.0	99693.0	36240.0
119300.0	53646.0	53914.0	4060.0	99772.0	36240.0
119397.0	53689.0	53957.0	4063.0	99851.0	36240.0
119494.0	53732.0	54000.0	4066.0	99930.0	36240.0
119591.0	53775.0	54043.0	4069.0	100009.0	36240.0
119688.0	53818.0	54086.0	4072.0	100088.0	36240.0
119785.0	53861.0	54129.0	4075.0	100167.0	36240.0
119882.0	53904.0	54172.0	4078.0	100246.0	36240.0
119979.0	53947.0	54215.0	4081.0	100325.0	36240.0
120076.0	53990.0	54258.0	4084.0	100404.0	36240.0
120173.0	54033.0	54301.0	4087.0	100483.0	36240.0
120270.0	54076.0	54344.0	4090.0	100562.0	36240.0
120367.0	54119.0	54387.0	4093.0	100641.0	36240.0
120464.0	54162.0	54430.0	4096.0	100720.0	36240.0
120561.0	54205.0	54473.0	4099.0	100799.0	36240.0
120658.0	54248.0	54516.0	4102.0	100878.0	36240.0
120755.0	54291.0	54559.0	4105.0	100957.0	36240.0
120852.0	54334.0	54602.0	4108.0	101036.0	36240.0
120949.0	54377.0	54645.0	4111.0	101115.0	36240.0
121046.0	54420.0	54688.0	4114.0	101194.0	36240.0
121143.0	54463.0	54731.0	4117.0	101273.0	36240.0
121240.0	54506.0	54774.0	4120.0	101352.0	36240.0
121337.0	54549.0	54817.0	4123.0	101431.0	36240.0
121434.0	54592.0	54860.0	4126.0	101510.0	36240.0
121531.0	54635.0	54903.0	4129.0	101589.0	36240.0
121628.0	54678.0	54946.0	4132.0	101668.0	36240.0
121725.0	54721.0	54989.0	4135.0	101747.0	36240.0
121822.0	54764.0	55032.0	4138.0	101826.0	36240.0
121919.0	54807.0	55075.0	4141.0	101905.0	36240.0
122016.0	54850.0	55118.0	4144.0	101984.0	36240.0
122113.0	54893.0	55161.0	4147.0	102063.0	36240.0
122210.0	54936.0	55204.0	4150.0	102142.0	36240.0
122307.0	54979.0	55247.0	4153.0	102221.0	36240.0
122404.0	55022.0	55290.0	4156.0	102300.0	36240.0
122501.0	55065.0	55333.0	4159.0	102379.0	36240.0
122598.0	55108.0	55376.0	4162.0	102458.0	36240.0
122695.0	55151.0	55419.0	4165.0	102537.0	36240.0
122792.0	55194.0	55462.0	4168.0	102616.0	36240.0
122889.0	55237.0	55505.0	4171.0	102695.0	36240.0
122986.0	55280.0	55548.0	4174.0	102774.0	36240.0
123083.0	55323.0	55591.0	4177.0	102853.0	36240.0
123180.0	55366.0	55634.0	4180.0	102932.0	36240.0
123277.0	55409.0	55677.0	4183.0	103011.0	36240.0
123374.0	55452.0	55720.0	4186.0	103090.0	36240.0
123471.0	55495.0	55763.0	4189.0	103169.0	36240.0
123568.0	55538.0	55806.0	4192.0	103248.0	36240.0
123665.0	55581.0	55849.0	4195.0	103327.0	36240.0
123762.0	55624.0	55892.0	4198.0	103406.0	36240.0
123859.0	55667.0	55935.0	4201.0	103485.0	36240.0
123956.0	55710.0	55978.0	4204.0	103564.0	36240.0
124053.0	55753.0	56021.0	4207.0	103643.0	36240.0
124150.0	55796.0	56064.0	4210.0	103722.0	36240.0
124247.0	55839.0	56107.0	4213.0	103801.0	36240.0
124344.0	55882.0	56150.0	4216.0	103880.0	36240.0
124441.0	55925.0	56193.0	4219.0	103959.0	36240.0
124538.0	55968.0	56236.0	4222.0	104038.0	36240.0
124635.0	56011.0	56279.0	4225.0	104117.0	36240.0
124732.0	56054.0	56322.0	4228.0	104196.0	36240.0
124829.0	56097.0	56365.0	4231.0	104275.0	36240.0
124926.0	56140.0	56408.0	4234.0	104354.0	36240.0
125023.0	56183.0	56451.0	4237.0	104433.0	36240.0
125120.0	56226.0	56494.0	4240.0	104512.0	36240.0
125217.0	56269.0	56537.0	4243.0	104591.0	36240.0
125314.0	56312.0	56580.0	4246.0	104670.0	36240.0
125411.0	56355.0	56623.0	4249.0	104749.0	36240.0
125508.0	56398.0	56666.0	4252.0	104828.0	36240.0
125605.0	56441.0	56709.0	4255.0	104907.0	36240.0
125702.0	56484.0	56752.0	4258.0	104986.0	36240.0
125799.0	56527.0	56795.0	4261.0	105065.0	36240.0
125896.0	56570.0	56838.0	4264.0	105144.0	36240.0
125993.0	56613.0	56881.0	4267.0	105223.0	36240.0
126090.0	56656.0	56924.0	4270.0	105302.0	36240.0
126187.0	56699.0	56967.0	4273.0	105381.0	36240.0
126284.0	56742.0	57010.0	4276.0	105460.0	36240.0
126381.0	56785.0	57053.0	4279.0	105539.0	36240.0
126478.0	56828.0	57096.0	4282.0	105618.0	36240.0
126575.0	56871.0	57139.0	4285.0	105697.0	36240.0
126672.0	56914.0	57182.0	4288.0	105776.0	36240.0
126769.0	56957.0	57225.0	4291.0	105855.0	36240.0
126866.0	57000.0	57268.0	4294.0	105934.0	36240.0
126963.0	57043.0	57311.0	4297.0	106013.0	36240.0
127060.0	57086.0	57354.0	4300.0	106092.0	36240.0
127157.0	57129.0	57397.0	4303.0	106171.0	36240.0
127254.0	57172.0	57440.0	4306.0	106250.0	36240.0
127351.0	57215.0	57483.0	4309.0	106329.0	36240.0
127448.0	57258.0	57526.0	4312.0	106408.0	36240.0
127545.0	57301.0	57569.0	4315.0	106487.0	36240.0
127642.0	57344.0	57612.0	4318.0	106566.0	36240.0
127739.0	57387.0	57655.0	4321.0	106645.0	36240.0
127836.0	57430.0	57698.0	4324.0	106724.0	36240.0
127933.0	57473.0	57741.0	4327.0	106803.0	36240.0
128030.0	57516.0	57784.0	4330.0	106882.0	36240.0
128127.0	57559.0	57827.0	4333.0	106961.0	36240.0
128224.0	57602.0	57870.0	4336.0	107040.0	36240.0
128321.0	57645.0	57913.0	4339.0	107119.0	36240.0
128418.0	57688.0	57956.0	4342.0	107198.0	36240.0
128515.0	57731.0	57999.0	4345.0	107277.0	36240.0
128612.0	57774.0	58042.0	4348.0	107356.0	36240.0
128709.0	57817.0	58085.0	4351.0	107435.0	36240.0
128806.0	57860.0	58128.0	4354.0	107514.0	36240.0
128903.0	57903.0	58171.0	4357.0	107593.0	36240.0
129000.0	57946.0	58214.0	4360.0	107672.0	36240.0
129097.0	57989.0	58257.0	4363.0	107751.0	36240.0
129194.0	58032.0	58300.0	4366.0	107830.0	36240.0
129291.0	58075.0	58343.0	4369.0	107909.0	36240.0
129388.0	58118.0	58386.0	4372.0	107988.0	36240.0
129485.0	58161.0	58429.0	4375.0	108067.0	36240.0
129582.0	58204.0	58472.0	4378.0	108146.0	36240.0
129679.0	58247.0	58515.0	4381.0	108225.0	36240.0
129776.0	58290.0	58558.0	4384.0	108304.0	36240.0
129873.0	58333.0	58601.0	4387.0	108383.0	36240.0
129970.0	58376.0	58644.0	4390.0	108462.0	36240.0
130067.0	58419.0	58687.0	4393.0	108541.0	36240.0
130164.0	58462.0	58730.0	4396.0	108620.0	36240.0
130261.0	58505.0	58773.0	4399.0	108699.0	36240.0
130358.0	58548.0	58816.0	4402.0	108778.0	36240.0
130455.0	58591.0	58859.0	4405.0	108857.0	36240.0
130552.0	58634.0	58902.0	4408.0	108936.0	36240.0
130649.0	58677.0	58945.0	4411.0	109015.0	36240.0
130746.0	58720.0	58988.0	4414.0	109094.0	36240.0
130843.0	58763.0	59031.0	4417.0	109173.0	36240.0
130940.0	58806.0	59074.0	4420.0	109252.0	36240.0
131037.0	58849.0	59117.0	4423.0	109331.0	36240.0
131134.0	58892.0	59160.0	4426.0	109410.0	36240.0
131231.0	58935.0	59203.0	4429.0	109489.0	36240.0
131328.0	58978.0	59246.0	4432.0	109568.0	36240.0
131425.0	59021.0	59289.0	4435.0	109647.0	36240.0
131522.0	59064.0	59332.0	4438.0	109726.0	36240.0
131619.0	59107.0	59375.0	4441.0	109805.0	36240.0
131716.0	59150.0	59418.0	4444.0	109884.0	36240.0
131813.0	59193.0	59461.0	4447.0	109963.0	36240.0
131910.0	59236.0	59504.0	4450.0	110042.0	36240.0
132007.0	59279.0	59547.0	4453.0	110121.0	36240.0
132104.0	59322.0	59590.0	4456.0	110200.0	36240.0
132201.0	59365.0	59633.0	4459.0	110279.0	36240.0
132298.0	59408.0	59676.0	4462.0	110358.0	36240.0
132395.0	59451.0	59719.0	4465.0	110437.0	36240.0
132492.0	59494.0	59762.0	4468.0	110516.0	36240.0
132589.0	59537.0	59805.0	4471.0	110595.0	36240.0
132686.0	59580.0	59848.0	4474.0	110674.0	36240.0
132783.0	59623.0	59891.0	4477.0	110753.0	36240.0
132880.0	59666.0	59934.0	4480.0	110832.0	36240.0
132977.0	59709.0	59977.0	4483.0	110911.0	36240.0
133074.0	59752.0	60020.0	4486.0	110990.0	36240.0
133171.0	59795.0	60063.0	4489.0	111069.0	36240.0
133268.0	59838.0	60106.0	4492.0	111148.0	36240.0
133365.0	59881.0	60149.0	4495.0	111227.0	36240.0
133462.0	59924.0	60192.0	4498.0	111306.0	36240.0
133559.0	59967.0	60235.0	4501.0	111385.0	36240.0
133656.0	60010.0	60278.0	4504.0	111464.0	36240.0
133753.0	60053.0	60321.0	4507.0	111543.0	36240.0
133850.0	60096.0	60364.0	4510.0	111622.0	36240.0
133947.0	60139.0	60407.0	4513.0	111701.0	36240.0
134044.0	60182.0	60450.0	4516.0	111780.0	36240.0
134141.0	60225.0	60493.0	4519.0	111859.0	36240.0
134238.0	60268.0	60536.0	4522.0	111938.0	36240.0
134335.0	60311.0	60579.0	4525.0	112017.0	36240.0
134432.0	60354.0	60622.0	4528.0	112096.0	36240.0
134529.0	60397.0	60665.0	4531.0	112175.0	36240.0
134626.0	60440.0	60708.0	4534.0	112254.0	36240.0
134723.0	60483.0	60751.0	4537.0	112333.0	36240.0
134820.0	60526.0	60794.0	4540.0	112412.0	36240.0
134917.0	60569.0	60837.0	4543.0	112491.0	36240.0
135014.0	60612.0	60880.0	4546.0	112570.0	36240.0
135111.0	60655.0	60923.0	4549.0	112649.0	36240.0
135208.0	60698.0	60966.0	4552.0	112728.0	36240.0
135305.0	60741.0	61009.0	4555.0	112807.0	36240.0
135402.0	60784.0	61052.0	4558.0	112886.0	36240.0
135499.0	60827.0	61095.0	4561.0	112965.0	36240.0
135596.0	60870.0	61138.0	4564.0	113044.0	36240.0
135693.0	60913.0	61181.0	4567.0	113123.0	36240.0
135790.0	60956.0	61224.0	4570.0	113202.0	36240.0
135887.0	60999.0	61267.0	4573.0	113281.0	36240.0
135984.0	61042.0	61310.0	4576.0	113360.0	36240.0
136081.0	61085.0	61353.0	4579.0	113439.0	36240.0
136178.0	61128.0	61396.0	4582.0	113518.0	36240.0
136275.0	61171.0	61439.0	4585.0	113597.0	36240.0
136372.0	61214.0	61482.0	4588.0	113676.0	36240.0
136469.0	61257.0	61525.0	4591.0	113755.0	36240.0
136566.0	61300.0	61568.0	4594.0	113834.0	36240.0
136663.0	61343.0	61611.0	4597.0	113913.0	36240.0
136760.0	61386.0	61654.0	4600.0	113992.0	36240.0
136857.0	61429.0	61697.0	4603.0	114071.0	36240.0
136954.0	61472.0	61740.0	4606.0	114150.0	36240.0
137051.0	61515.0	61783.0	4609.0	114229.0	36240.0
137148.0	61558.0	61826.0	4612.0	114308.0	36240.0
137245.0	61601.0	61869.0	4615.0	114387.0	36240.0
137342.0	61644.0	61912.0	4618.0	114466.0	36240.0
137439.0	61687.0	61955.0	4621.0	114545.0	36240.0
137536.0	61730.0	61998.0	4624.0	114624.0	36240.0
137633.0	61773.0	62041.0	4627.0	114703.0	36240.0
137730.0	61816.0	62084.0	4630.0	114782.0	36240.0
137827.0	61859.0	62127.0	4633.0	114861.0	36240.0
137924.0	61902.0	62170.0	4636.0	114940.0	36240.0
138021.0	61945.0	62213.0	4639.0	115019.0	36240.0
138118.0	61988.0	62256.0	4642.0	115098.0	36240.0
138215.0	62031.0	62299.0	4645.0	115177.0	36240.0
138312.0	62074.0	62342.0	4648.0	115256.0	36240.0
138409.0	62117.0	62385.0	4651.0	115335.0	36240.0
138506.0	62160.0	62428.0	4654.0	115414.0	36240.0
138603.0	62203.0	62471.0	4657.0	115493.0	36240.0
138700.0	62246.0	62514.0	4660.0	115572.0	36240.0
138797.0	62289.0	62557.0	4663.0	115651.0	36240.0
138894.0	62332.0	62600.0	4666.0	115730.0	36240.0
138991.0	62375.0	62643.0	4669.0	115809.0	36240.0
139088.0	62418.0	62686.0	4672.0	115888.0	36240.0
139185.0	62461.0	62729.0	4675.0	115967.0	36240.0
139282.0	62504.0	62772.0	4678.0	116046.0	36240.0
139379.0	62547.0	62815.0	4681.0	116125.0	36240.0
139476.0	62590.0	62858.0	4684.0	116204.0	36240.0
139573.0	62633.0	62901.0	4687.0	116283.0	36240.0
139670.0	62676.0	62944.0	4690.0	116362.0	36240.0
139767.0	62719.0	62987.0	4693.0	116441.0	36240.0
139864.0	62762.0	63030.0	4696.0	116520.0	36240.0
139961.0	62805.0	63073.0	4699.0	116599.0	36240.0
140058.0	62848.0	63116.0	4702.0	116678.0	36240.0
140155.0	62891.0	63159.0	4705.0	116757.0	36240.0
140252.0	62934.0	63202.0	4708.0	116836.0	36240.0
140349.0	62977.0	63245.0	4711.0	116915.0	36240.0
140446.0	63020.0	63288.0	4714.0	116994.0	36240.0
140543.0	63063.0	63331.0	4717.0	117073.0	36240.0
140640.0	63106.0	63374.0	4720.0	117152.0	36240.0
140737.0	63149.0	63417.0	4723.0	117231.0	36240.0
140834.0	63192.0	63460.0	4726.0	117310.0	36240.0
140931.0	63235.0	63503.0	4729.0	117389.0	36240.0
141028.0	63278.0	63546.0	4732.0	117468.0	36240.0
141125.0	63321.0	63589.0	4735.0	117547.0	36240.0
141222.0	63364.0	63632.0	4738.0	117626.0	36240.0
141319.0	63407.0	63675.0	4741.0	117705.0	36240.0
141416.0	63450.0	63718.0	4744.0	117784.0	36240.0
141513.0	63493.0	63761.0	4747.0	117863.0	36240.0
141610.0	63536.0	63804.0	4750.0	117942.0	36240.0
141707.0	63579.0	63847.0	4753.0	118021.0	36240.0
141804.0	63622.0	63890.0	4756.0	118100.0	36240.0
141901.0	63665.0	63933.0	4759.0	118179.0	36240.0
141998.0	63708.0	63976.0	4762.0	118258.0	36240.0
142095.0	63751.0	64019.0	4765.0	118337.0	36240.0
142192.0	63794.0	64062.0	4768.0	118416.0	36240.0
142289.0	63837.0	64105.0	4771.0	118495.0	36240.0
142386.0	63880.0	64148.0	4774.0	118574.0	36240.0
142483.0	63923.0	64191.0	4777.0	118653.0	36240.0
142580.0	63966.0	64234.0	4780.0	118732.0	36240.0
142677.0	64009.0	64277.0	4783.0	118811.0	36240.0
142774.0	64052.0	64320.0	4786.0	118890.0	36240.0
142871.0	64095.0	64363.0	4789.0	118969.0	36240.0
142968.0	64138.0	64406.0	4792.0	119048.0	36240.0
143065.0	64181.0	64449.0	4795.0	119127.0	36240.0
143162.0	64224.0	64492.0	4798.0	119206.0	36240.0
143259.0	64267.0	64535.0	4801.0	119285.0	36240.0
143356.0	64310.0	64578.0	4804.0	119364.0	36240.0
143453.0	64353.0	64621.0	4807.0	119443.0	36240.0
143550.0	64396.0	64664.0	4810.0	119522.0	36240.0
143647.0	64439.0	64707.0	4813.0	119601.0	36240.0
143744.0	64482.0	64750.0	4816.0	119680.0	36240.0
143841.0	64525.0	64793.0	4819.0	119759.0	36240.0
143938.0	64568.0	64836.0	4822.0	119838.0	36240.0
144035.0	64611.0	64879.0	4825.0	119917.0	36240.0
144132.0	64654.0	64922.0	4828.0	119996.0	36240.0
144229.0	64697.0	64965.0	4831.0	120075.0	36240.0
144326.0	64740.0	65008.0	4834.0	120154.0	36240.0
144423.0	64783.0	65051.0	4837.0	120233.0	36240.0
144520.0	64826.0	65094.0	4840.0	120312.0	36240.0
144617.0	64869.0	65137.0	4843.0	120391.0	36240.0
144714.0	64912.0	65180.0	4846.0	120470.0	36240.0
144811.0	64955.0	65223.0	4849.0	120549.0	36240.0
144908.0	64998.0	65266.0	4852.0	120628.0	36240.0
145005.0	65041.0	65309.0	4855.0	120707.0	36240.0
145102.0	65084.0	65352.0	4858.0	120786.0	36240.0
145199.0	65127.0	65395.0	4861.0	120865.0	36240.0
145296.0	65170.0	65438.0	4864.0	120944.0	36240.0
145393.0	65213.0	65481.0	4867.0	121023.0	36240.0
145490.0	65256.0	65524.0	4870.0	121102.0	36240.0
145587.0	65299.0	65567.0	4873.0	121181.0	36240.0
145684.0	65342.0	65610.0	4876.0	121260.0	36240.0
145781.0	65385.0	65653.0	4879.0	121339.0	36240.0
145878.0	65428.0	65696.0	4882.0	121418.0	36240.0
145975.0	65471.0	65739.0	4885.0	121497.0	36240.0
146072.0	65514.0	65782.0	4888.0	121576.0	36240.0
146169.0	65557.0	65825.0	4891.0	121655.0	36240.0
146266.0	65600.0	65868.0	4894.0	121734.0	36240.0
146363.0	65643.0	65911.0	4897.0	121813.0	36240.0
146460.0	65686.0	65954.0	4900.0	121892.0	36240.0
146557.0	65729.0	65997.0	4903.0	121971.0	36240.0
146654.0	65772.0	66040.0	4906.0	122050.0	36240.0
146751.0	65815.0	66083.0	4909.0	122129.0	36240.0
146848.0	65858.0	66126.0	4912.0	122208.0	36240.0
146945.0	65901.0	66169.0	4915.0	122287.0	36240.0
147042.0	65944.0	66212.0	4918.0	122366.0	36240.0
147139.0	65987.0	66255.0	4921.0	122445.0	36240.0
147236.0	66030.0	66298.0	4924.0	122524.0	36240.0
147333.0	66073.0	66341.0	4927.0	122603.0	36240.0
147430.0	66116.0	66384.0	4930.0	122682.0	36240.0
147527.0	66159.0	66427.0	4933.0	122761.0	36240.0
147624.0	66202.0	66470.0	4936.0	122840.0	36240.0
147721.0	66245.0	66513.0	4939.0	122919.0	36240.0
147818.0	66288.0	66556.0	4942.0	122998.0	36240.0
147915.0	66331.0	66599.0	4945.0	123077.0	36240.0
148012.0	66374.0	66642.0	4948.0	123156.0	36240.0
148109.0	66417.0	66685.0	4951.0	123235.0	36240.0
148206.0	66460.0	66728.0	4954.0	123314.0	36240.0
148303.0	66503.0	66771.0	4957.0	123393.0	36240.0
148400.0	66546.0	66814.0	4960.0	123472.0	36240.0
148497.0	66589.0	66857.0	4963.0	123551.0	36240.0
148594.0	66632.0	66900.0	4966.0	123630.0	36240.0
148691.0	66675.0	66943.0	4969.0	123709.0	36240.0
148788.0	66718.0	66986.0	4972.0	123788.0	36240.0
148885.0	66761.0	67029.0	4975.0	123867.0	36240.0
148982.0	66804.0	67072.0	4978.0	123946.0	36240.0
149079.0	66847.0	67115.0	4981.0	124025.0	36240.0
149176.0	66890.0	67158.0	4984.0	124104.0	36240.0
149273.0	66933.0	67201.0	4987.0	124183.0	36240.0
149370.0	66976.0	67244.0	4990.0	124262.0	36240.0
149467.0	67019.0	67287.0	4993.0	124341.0	36240.0
149564.0	67062.0	67330.0	4996.0	124420.0	36240.0
149661.0	67105.0	67373.0	4999.0	124499.0	36240.0
149758.0	67148.0	67416.0	5002.0	124578.0	36240.0
149855.0	67191.0	67459.0	5005.0	124657.0	36240.0
149952.0	67234.0	67502.0	5008.0	124736.0	36240.0
150049.0	67277.0	67545.0	5011.0	124815.0	36240.0
150146.0	67320.0	67588.0	5014.0	124894.0	36240.0
150243.0	67363.0	67631.0	5017.0	124973.0	36240.0
150340.0	67406.0	67674.0	5020.0	125052.0	36240.0
150437.0	67449.0	67717.0	5023.0	125131.0	36240.0
150534.0	67492.0	67760.0	5026.0	125210.0	36240.0
150631.0	67535.0	67803.0	5029.0	125289.0	36240.0
150728.0	67578.0	67846.0	5032.0	125368.0	36240.0
150825.0	67621.0	67889.0	5035.0	125447.0	36240.0
150922.0	67664.0	67932.0	5038.0	125526.0	36240.0
151019.0	67707.0	67975.0	5041.0	125605.0	36240.0
151116.0	67750.0	68018.0	5044.0	125684.0	36240.0
151213.0	67793.0	68061.0	5047.0	125763.0	36240.0
151310.0	67836.0	68104.0	5050.0	125842.0	36240.0
151407.0	67879.0	68147.0	5053.0	125921.0	36240.0
151504.0	67922.0	68190.0	5056.0	126000.0	36240.0
151601.0	67965.0	68233.0	5059.0	126079.0	36240.0
151698.0	68008.0	68276.0	5062.0	126158.0	36240.0
151795.0	68051.0	68319.0	5065.0	126237.0	36240.0
151892.0	68094.0	68362.0	5068.0	126316.0	36240.0
151989.0	68137.0	68405.0	5071.0	126395.0	36240.0
152086.0	68180.0	68448.0	5074.0	126474.0	36240.0
152183.0	68223.0	68491.0	5077.0	126553.0	36240.0
152280.0	68266.0	68534.0	5080.0	126632.0	36240.0
152377.0	68309.0	68577.0	5083.0	126711.0	36240.0
152474.0	68352.0	68620.0	5086.0	126711.0	36240.0
152571.0	68395.0	68663.0	5089.0	126711.0	36240.0
152668.0	68438.0	68706.0	5092.0	126711.0	36240.0
152765.0	68481.0	68749.0	5095.0	126711.0	36240.0
152862.0	68524.0	68792.0	5098.0	126711.0	36240.0
152959.0	68567.0	68835.0	5101.0	126711.0	36240.0
153056.0	68610.0	68878.0	5104.0	126711.0	36240.0
153153.0	68653.0	68921.0	5107.0	126711.0	36240.0
153250.0	68696.0	68964.0	5110.0	126711.0	36240.0
153347.0	68739.0	69007.0	5113.0	126711.0	36240.0
153444.0	68782.0	69050.0	5116.0	126711.0	36240.0
153541.0	68825.0	69093.0	5119.0	126711.0	36240.0
153638.0	68868.0	69136.0	5122.0	126711.0	36240.0
153735.0	68911.0	69179.0	5125.0	126711.0	36240.0
153832.0	68954.0	69222.0	5128.0	126711.0	36240.0
153929.0	68997.0	69265.0	5131.0	126711.0	36240.0
154026.0	69040.0	69308.0	5134.0	126711.0	36240.0
154123.0	69083.0	69351.0	5137.0	126711.0	36240.0
154220.0	69126.0	69394.0	5140.0	126711.0	36240.0
154317.0	69169.0	69437.0	5143.0	126711.0	36240.0
154414.0	69212.0	69480.0	5146.0	126711.0	36240.0
154511.0	69255.0	69523.0	5149.0	126711.0	36240.0
154608.0	69298.0	69566.0	5152.0	126711.0	36240.0
154705.0	69341.0	69609.0	5155.0	126711.0	36240.0
154802.0	69384.0	69652.0	5158.0	126711.0	36240.0
154899.0	69427.0	69695.0	5161.0	126711.0	36240.0
154996.0	69470.0	69738.0	5164.0	126711.0	36240.0
155093.0	69513.0	69781.0	5167.0	126711.0	36240.0
155190.0	69556.0	69824.0	5170.0	126711.0	36240.0
155287.0	69599.0	69867.0	5173.0	126711.0	36240.0
155384.0	69642.0	69910.0	5176.0	126711.0	36240.0
155481.0	69685.0	69953.0	5179.0	126711.0	36240.0
155578.0	69728.0	69996.0	5182.0	126711.0	36240.0
155675.0	69771.0	70039.0	5185.0	126711.0	36240.0
155772.0	69814.0	70082.0	5188.0	126711.0	36240.0
155869.0	69857.0	70125.0	5191.0	126711.0	36240.0
155966.0	69900.0	70168.0	5194.0	126711.0	36240.0
156063.0	69943.0	70211.0	5197.0	126711.0	36240.0
156160.0	69986.0	70254.0	5200.0	126711.0	36240.0
156257.0	70029.0	70297.0	5203.0	126711.0	36240.0
156354.0	70072.0	70340.0	5206.0	126711.0	36240.0
156451.0	70115.0	70383.0	5209.0	126711.0	36240.0
156548.0	70158.0	70426.0	5212.0	126711.0	36240.0
156645.0	70201.0	70469.0	5215.0	126711.0	36240.0
156742.0	70244.0	70512.0	5218.0	126711.0	36240.0
156839.0	70287.0	70555.0	5221.0	126711.0	36240.0
156936.0	70330.0	70598.0	5224.0	126711.0	36240.0
157033.0	70373.0	70641.0	5227.0	126711.0	36240.0
157130.0	70416.0	70684.0	5230.0	126711.0	36240.0
157227.0	70459.0	70727.0	5233.0	126711.0	36240.0
157324.0	70502.0	70770.0	5236.0	126711.0	36240.0
157421.0	70545.0	70813.0	5239.0	126711.0	36240.0
157518.0	70588.0	70856.0	5242.0	126711.0	36240.0
157615.0	70631.0	70899.0	5245.0	126711.0	36240.0
157712.0	70674.0	70942.0	5248.0	126711.0	36240.0
157809.0	70717.0	70985.0	5251.0	126711.0	36240.0
157906.0	70760.0	71028.0	5254.0	126711.0	36240.0
158003.0	70803.0	71071.0	5257.0	126711.0	36240.0
158100.0	70846.0	71114.0	5260.0	126711.0	36240.0
158197.0	70889.0	71157.0	5263.0	126711.0	36240.0
158294.0	70932.0	71200.0	5266.0	126711.0	36240.0
158391.0	70975.0	71243.0	5269.0	126711.0	36240.0
158488.0	71018.0	71286.0	5272.0	126711.0	36240.0
158585.0	71061.0	71329.0	5275.0	126711.0	36240.0
158682.0	71104.0	71372.0	5278.0	126711.0	36240.0
158779.0	71147.0	71415.0	5281.0	126711.0	36240.0
158876.0	71190.0	71458.0	5284.0	126711.0	36240.0
158973.0	71233.0	71501.0	5287.0	126711.0	36240.0
159070.0	71276.0	71544.0	5290.0	126711.0	36240.0
159167.0	71319.0	71587.0	5293.0	126711.0	36240.0
159264.0	71362.0	71630.0	5296.0	126711.0	36240.0
159361.0	71405.0	71673.0	5299.0	126711.0	36240.0
159458.0	71448.0	71716.0	5302.0	126711.0	36240.0
159555.0	71491.0	71759.0	5305.0	126711.0	36240.0
159652.0	71534.0	71802.0	5308.0	126711.0	36240.0
159749.0	71577.0	71845.0	5311.0	126711.0	36240.0
159846.0	71620.0	71888.0	5314.0	126711.0	36240.0
159943.0	71663.0	71931.0	5317.0	126711.0	36240.0
160040.0	71706.0	71974.0	5320.0	126711.0	36240.0
160137.0	71749.0	72017.0	5323.0	126711.0	36240.0
160234.0	71792.0	72060.0	5326.0	126711.0	36240.0
160331.0	71835.0	72103.0	5329.0	126711.0	36240.0
160428.0	71878.0	72146.0	5332.0	126711.0	36240.0
160525.0	71921.0	72189.0	5335.0	126711.0	36240.0
160622.0	71964.0	72232.0	5338.0	126711.0	36240.0
160719.0	72007.0	72275.0	5341.0	126711.0	36240.0
160816.0	72050.0	72318.0	5344.0	126711.0	36240.0
160913.0	72093.0	72361.0	5347.0	126711.0	36240.0
161010.0	72136.0	72404.0	5350.0	126711.0	36240.0
161107.0	72179.0	72447.0	5353.0	126711.0	36240.0
161204.0	72222.0	72490.0	5356.0	126711.0	36240.0
161301.0	72265.0	72533.0	5359.0	126711.0	36240.0
161398.0	72308.0	72576.0	5362.0	126711.0	36240.0
161495.0	72351.0	72619.0	5365.0	126711.0	36240.0
161592.0	72394.0	72662.0	5368.0	126711.0	36240.0
161689.0	72437.0	72705.0	5371.0	126711.0	36240.0
161786.0	72480.0	72748.0	5374.0	126711.0	36240.0
161883.0	72523.0	72791.0	5377.0	126711.0	36240.0
161980.0	72566.0	72834.0	5380.0	126711.0	36240.0
162077.0	72609.0	72877.0	5383.0	126711.0	36240.0
162174.0	72652.0	72920.0	5386.0	126711.0	36240.0
162271.0	72695.0	72963.0	5389.0	126711.0	36240.0
162368.0	72738.0	73006.0	5392.0	126711.0	36240.0
162465.0	72781.0	73049.0	5395.0	126711.0	36240.0
162562.0	72824.0	73092.0	5398.0	126711.0	36240.0
162659.0	72867.0	73135.0	5401.0	126711.0	36240.0
162756.0	72910.0	73178.0	5404.0	126711.0	36240.0
162853.0	72953.0	73221.0	5407.0	126711.0	36240.0
162950.0	72996.0	73264.0	5410.0	126711.0	36240.0
163047.0	73039.0	73307.0	5413.0	126711.0	36240.0
163144.0	73082.0	73350.0	5416.0	126711.0	36240.0
163241.0	73125.0	73393.0	5419.0	126711.0	36240.0
163338.0	73168.0	73436.0	5422.0	126711.0	36240.0
163435.0	73211.0	73479.0	5425.0	126711.0	36240.0
163532.0	73254.0	73522.0	5428.0	126711.0	36240.0
163629.0	73297.0	73565.0	5431.0	126711.0	36240.0
163726.0	73340.0	73608.0	5434.0	126711.0	36240.0
163823.0	73383.0	73651.0	5437.0	126711.0	36240.0
163920.0	73426.0	73694.0	5440.0	126711.0	36240.0
164017.0	73469.0	73737.0	5443.0	126711.0	36240.0
164114.0	73512.0	73780.0	5446.0	126711.0	36240.0
164211.0	73555.0	73823.0	5449.0	126711.0	36240.0
164308.0	73598.0	73866.0	5452.0	126711.0	36240.0
164405.0	73641.0	73909.0	5455.0	126711.0	36240.0
164502.0	73684.0	73952.0	5458.0	126711.0	36240.0
164599.0	73727.0	73995.0	5461.0	126711.0	36240.0
164696.0	73770.0	74038.0	5464.0	126711.0	36240.0
164793.0	73813.0	74081.0	5467.0	126711.0	36240.0
164890.0	73856.0	74124.0	5470.0	126711.0	36240.0
164987.0	73899.0	74167.0	5473.0	126711.0	36240.0
165084.0	73942.0	74210.0	5476.0	126711.0	36240.0
165181.0	73985.0	74253.0	5479.0	126711.0	36240.0
165278.0	74028.0	74296.0	5482.0	126711.0	36240.0
165375.0	74071.0	74339.0	5485.0	126711.0	36240.0
165472.0	74114.0	74382.0	5488.0	126711.0	36240.0
165569.0	74157.0	74425.0	5491.0	126711.0	36240.0
165666.0	74200.0	74468.0	5494.0	126711.0	36240.0
165763.0	74243.0	74511.0	5497.0	126711.0	36240.0
165860.0	74286.0	74554.0	5500.0	126711.0	36240.0
165957.0	74329.0	74597.0	5503.0	126711.0	36240.0
166054.0	74372.0	74640.0	5506.0	126711.0	36240.0
166151.0	74415.0	74683.0	5509.0	126711.0	36240.0
166248.0	74458.0	74726.0	5512.0	126711.0	36240.0
166345.0	74501.0	74769.0	5515.0	126711.0	36240.0
166442.0	74544.0	74812.0	5518.0	126711.0	36240.0
166539.0	74587.0	74855.0	5521.0	126711.0	36240.0
166636.0	74630.0	74898.0	5524.0	126711.0	36240.0
166733.0	74673.0	74941.0	5527.0	126711.0	36240.0
166830.0	74716.0	74984.0	5530.0	126711.0	36240.0
166927.0	74759.0	75027.0	5533.0	126711.0	36240.0
167024.0	74802.0	75070.0	5536.0	126711.0	36240.0
167121.0	74845.0	75113.0	5539.0	126711.0	36240.0
167218.0	74888.0	75156.0	5542.0	126711.0	36240.0
167315.0	74931.0	75199.0	5545.0	126711.0	36240.0
167412.0	74974.0	75242.0	5548.0	126711.0	36240.0
167509.0	75017.0	75285.0	5551.0	126711.0	36240.0
167606.0	75060.0	75328.0	5554.0	126711.0	36240.0
167703.0	75103.0	75371.0	5557.0	126711.0	36240.0
167800.0	75146.0	75414.0	5560.0	126711.0	36240.0
167897.0	75189.0	75457.0	5563.0	126711.0	36240.0
167994.0	75232.0	75500.0	5566.0	126711.0	36240.0
168091.0	75275.0	75543.0	5569.0	126711.0	36240.0
168188.0	75318.0	75586.0	5572.0	126711.0	36240.0
168285.0	75361.0	75629.0	5575.0	126711.0	36240.0
168382.0	75404.0	75672.0	5578.0	126711.0	36240.0
168479.0	75447.0	75715.0	5581.0	126711.0	36240.0
168576.0	75490.0	75758.0	5584.0	126711.0	36240.0
168673.0	75533.0	75801.0	5587.0	126711.0	36240.0
168770.0	75576.0	75844.0	5590.0	126711.0	36240.0
168867.0	75619.0	75887.0	5593.0	126711.0	36240.0
168964.0	75662.0	75930.0	5596.0	126711.0	36240.0
169061.0	75705.0	75973.0	5599.0	126711.0	36240.0
169158.0	75748.0	76016.0	5602.0	126711.0	36240.0
169255.0	75791.0	76059.0	5605.0	126711.0	36240.0
169352.0	75834.0	76102.0	5608.0	126711.0	36240.0
169449.0	75877.0	76145.0	5611.0	126711.0	36240.0
169546.0	75920.0	76188.0	5614.0	126711.0	36240.0
169643.0	75963.0	76231.0	5617.0	126711.0	36240.0
169740.0	76006.0	76274.0	5620.0	126711.0	36240.0
169837.0	76049.0	76317.0	5623.0	126711.0	36240.0
169934.0	76092.0	76360.0	5626.0	126711.0	36240.0
170031.0	76135.0	76403.0	5629.0	126711.0	36240.0
170128.0	76178.0	76446.0	5632.0	126711.0	36240.0
170225.0	76221.0	76489.0	5635.0	126711.0	36240.0
170322.0	76264.0	76532.0	5638.0	126711.0	36240.0
170419.0	76307.0	76575.0	5641.0	126711.0	36240.0
170516.0	76350.0	76618.0	5644.0	126711.0	36240.0
170613.0	76393.0	76661.0	5647.0	126711.0	36240.0
170710.0	76436.0	76704.0	5650.0	126711.0	36240.0
170807.0	76479.0	76747.0	5653.0	126711.0	36240.0
170904.0	76522.0	76790.0	5656.0	126711.0	36240.0
171001.0	76565.0	76833.0	5659.0	126711.0	36240.0
171098.0	76608.0	76876.0	5662.0	126711.0	36240.0
171195.0	76651.0	76919.0	5665.0	126711.0	36240.0
171292.0	76694.0	76962.0	5668.0	126711.0	36240.0
171389.0	76737.0	77005.0	5671.0	126711.0	36240.0
171486.0	76780.0	77048.0	5674.0	126711.0	36240.0
171583.0	76823.0	77091.0	5677.0	126711.0	36240.0
171680.0	76866.0	77134.0	5680.0	126711.0	36240.0
171777.0	76909.0	77177.0	5683.0	126711.0	36240.0
171874.0	76952.0	77220.0	5686.0	126711.0	36240.0
171971.0	76995.0	77263.0	5689.0	126711.0	36240.0
172068.0	77038.0	77306.0	5692.0	126711.0	36240.0
172165.0	77081.0	77349.0	5695.0	126711.0	36240.0
172262.0	77124.0	77392.0	5698.0	126711.0	36240.0
172359.0	77167.0	77435.0	5701.0	126711.0	36240.0
172456.0	77210.0	77478.0	5704.0	126711.0	36240.0
172553.0	77253.0	77521.0	5707.0	126711.0	36240.0
172650.0	77296.0	77564.0	5710.0	126711.0	36240.0
172747.0	77339.0	77607.0	5713.0	126711.0	36240.0
172844.0	77382.0	77650.0	5716.0	126711.0	36240.0
172941.0	77425.0	77693.0	5719.0	126711.0	36240.0
173038.0	77468.0	77736.0	5722.0	126711.0	36240.0
173135.0	77511.0	77779.0	5725.0	126711.0	36240.0
173232.0	77554.0	77822.0	5728.0	126711.0	36240.0
173329.0	77597.0	77865.0	5731.0	126711.0	36240.0
173426.0	77640.0	77908.0	5734.0	126711.0	36240.0
173523.0	77683.0	77951.0	5737.0	126711.0	36240.0
173620.0	77726.0	77994.0	5740.0	126711.0	36240.0
173717.0	77769.0	78037.0	5743.0	126711.0	36240.0
173814.0	77812.0	78080.0	5746.0	126711.0	36240.0
173911.0	77855.0	78123.0	5749.0	126711.0	36240.0
174008.0	77898.0	78166.0	5752.0	126711.0	36240.0
174105.0	77941.0	78209.0	5755.0	126711.0	36240.0
174202.0	77984.0	78252.0	5758.0	126711.0	36240.0
174299.0	78027.0	78295.0	5761.0	126711.0	36240.0
174396.0	78070.0	78338.0	5764.0	126711.0	36240.0
174493.0	78113.0	78381.0	5767.0	126711.0	36240.0
174590.0	78156.0	78424.0	5770.0	126711.0	36240.0
174687.0	78199.0	78467.0	5773.0	126711.0	36240.0
174784.0	78242.0	78510.0	5776.0	126711.0	36240.0
174881.0	78285.0	78553.0	5779.0	126711.0	36240.0
174978.0	78328.0	78596.0	5782.0	126711.0	36240.0
175075.0	78371.0	78639.0	5785.0	126711.0	36240.0
175172.0	78414.0	78682.0	5788.0	126711.0	36240.0
175269.0	78457.0	78725.0	5791.0	126711.0	36240.0
175366.0	78500.0	78768.0	5794.0	126711.0	36240.0
175463.0	78543.0	78811.0	5797.0	126711.0	36240.0
175560.0	78586.0	78854.0	5800.0	126711.0	36240.0
175657.0	78629.0	78897.0	5803.0	126711.0	36240.0
175754.0	78672.0	78940.0	5806.0	126711.0	36240.0
175851.0	78715.0	78983.0	5809.0	126711.0	36240.0
175948.0	78758.0	79026.0	5812.0	126711.0	36240.0
176045.0	78801.0	79069.0	5815.0	126711.0	36240.0
176142.0	78844.0	79112.0	5818.0	126711.0	36240.0
176239.0	78887.0	79155.0	5821.0	126711.0	36240.0
176336.0	78930.0	79198.0	5824.0	126711.0	36240.0
176433.0	78973.0	79241.0	5827.0	126711.0	36240.0
176530.0	79016.0	79284.0	5830.0	126711.0	36240.0
176627.0	79059.0	79327.0	5833.0	126711.0	36240.0
176724.0	79102.0	79370.0	5836.0	126711.0	36240.0
176821.0	79145.0	79413.0	5839.0	126711.0	36240.0
176918.0	79188.0	79456.0	5842.0	126711.0	36240.0
177015.0	79231.0	79499.0	5845.0	126711.0	36240.0
177112.0	79274.0	79542.0	5848.0	126711.0	36240.0
177209.0	79317.0	79585.0	5851.0	126711.0	36240.0
177306.0	79360.0	79628.0	5854.0	126711.0	36240.0
177403.0	79403.0	79671.0	5857.0	126711.0	36240.0
177500.0	79446.0	79714.0	5860.0	126711.0	36240.0
177597.0	79489.0	79757.0	5863.0	126711.0	36240.0
177694.0	79532.0	79800.0	5866.0	126711.0	36240.0
177791.0	79575.0	79843.0	5869.0	126711.0	36240.0
177888.0	79618.0	79886.0	5872.0	126711.0	36240.0
177985.0	79661.0	79929.0	5875.0	126711.0	36240.0
178082.0	79704.0	79972.0	5878.0	126711.0	36240.0
178179.0	79747.0	80015.0	5881.0	126711.0	36240.0
178276.0	79790.0	80058.0	5884.0	126711.0	36240.0
178373.0	79833.0	80101.0	5887.0	126711.0	36240.0
178470.0	79876.0	80144.0	5890.0	126711.0	36240.0
178567.0	79919.0	80187.0	5893.0	126711.0	36240.0
178664.0	79962.0	80230.0	5896.0	126711.0	36240.0
178761.0	80005.0	80273.0	5899.0	126711.0	36240.0
178858.0	80048.0	80316.0	5902.0	126711.0	36240.0
178955.0	80091.0	80359.0	5905.0	126711.0	36240.0
179052.0	80134.0	80402.0	5908.0	126711.0	36240.0
179149.0	80177.0	80445.0	5911.0	126711.0	36240.0
179246.0	80220.0	80488.0	5914.0	126711.0	36240.0
179343.0	80263.0	80531.0	5917.0	126711.0	36240.0
179440.0	80306.0	80574.0	5920.0	126711.0	36240.0
179537.0	80349.0	80617.0	5923.0	126711.0	36240.0
179634.0	80392.0	80660.0	5926.0	126711.0	36240.0
179731.0	80435.0	80703.0	5929.0	126711.0	36240.0
179828.0	80478.0	80746.0	5932.0	126711.0	36240.0
179925.0	80521.0	80789.0	5935.0	126711.0	36240.0
180022.0	80564.0	80832.0	5938.0	126711.0	36240.0
180119.0	80607.0	80875.0	5941.0	126711.0	36240.0
180216.0	80650.0	80918.0	5944.0	126711.0	36240.0
180313.0	80693.0	80961.0	5947.0	126711.0	36240.0
180410.0	80736.0	81004.0	5950.0	126711.0	36240.0
180507.0	80779.0	81047.0	5953.0	126711.0	36240.0
180604.0	80822.0	81090.0	5956.0	126711.0	36240.0
180701.0	80865.0	81133.0	5959.0	126711.0	36240.0
180798.0	80908.0	81176.0	5962.0	126711.0	36240.0
180895.0	80951.0	81219.0	5965.0	126711.0	36240.0
180992.0	80994.0	81262.0	5968.0	126711.0	36240.0
181089.0	81037.0	81305.0	5971.0	126711.0	36240.0
181186.0	81080.0	81348.0	5974.0	126711.0	36240.0
181283.0	81123.0	81391.0	5977.0	126711.0	36240.0
181380.0	81166.0	81434.0	5980.0	126711.0	36240.0
181477.0	81209.0	81477.0	5983.0	126711.0	36240.0
181574.0	81252.0	81520.0	5986.0	126711.0	36240.0
181671.0	81295.0	81563.0	5989.0	126711.0	36240.0
181768.0	81338.0	81606.0	5992.0	126711.0	36240.0
181865.0	81381.0	81649.0	5995.0	126711.0	36240.0
181865.0	81424.0	81692.0	5998.0	126711.0	36240.0
181865.0	81467.0	81735.0	6001.0	126711.0	36240.0
181865.0	81510.0	81778.0	6004.0	126711.0	36240.0
181865.0	81553.0	81821.0	6007.0	126711.0	36240.0
181865.0	81596.0	81864.0	6010.0	126711.0	36240.0
181865.0	81639.0	81907.0	6013.0	126711.0	36240.0
181865.0	81682.0	81950.0	6016.0	126790.0	36240.0
181865.0	81725.0	81993.0	6019.0	126869.0	36240.0
181865.0	81768.0	82036.0	6022.0	126948.0	36240.0
181865.0	81811.0	82079.0	6025.0	127027.0	36240.0
181865.0	81854.0	82122.0	6028.0	127106.0	36240.0
181865.0	81897.0	82165.0	6031.0	127185.0	36240.0
181865.0	81940.0	82208.0	6034.0	127264.0	36240.0
181865.0	81983.0	82251.0	6037.0	127343.0	36277.0
181865.0	82026.0	82294.0	6040.0	127422.0	36314.0
181865.0	82069.0	82337.0	6043.0	127501.0	36351.0
181865.0	82112.0	82380.0	6046.0	127580.0	36388.0
181865.0	82155.0	82423.0	6049.0	127659.0	36425.0
181865.0	82198.0	82466.0	6052.0	127738.0	36462.0
181865.0	82241.0	82509.0	6055.0	127817.0	36499.0
181865.0	82284.0	82552.0	6058.0	127896.0	36536.0
181865.0	82327.0	82595.0	6061.0	127975.0	36573.0
181865.0	82370.0	82638.0	6064.0	128054.0	36610.0
181865.0	82413.0	82681.0	6067.0	128133.0	36647.0
181865.0	82456.0	82724.0	6070.0	128212.0	36684.0
181865.0	82499.0	82767.0	6073.0	128291.0	36721.0
181865.0	82542.0	82810.0	6076.0	128370.0	36758.0
181865.0	82585.0	82853.0	6079.0	128449.0	36795.0
181865.0	82628.0	82896.0	6082.0	128528.0	36832.0
181865.0	82671.0	82939.0	6085.0	128607.0	36869.0
181865.0	82714.0	82982.0	6088.0	128686.0	36906.0
181865.0	82757.0	83025.0	6091.0	128765.0	36943.0
181865.0	82800.0	83068.0	6094.0	128844.0	36980.0
181865.0	82843.0	83111.0	6097.0	128923.0	37017.0
181865.0	82886.0	83154.0	6100.0	129002.0	37054.0
181865.0	82929.0	83197.0	6103.0	129081.0	37091.0
181865.0	82972.0	83240.0	6106.0	129160.0	37128.0
181962.0	83015.0	83283.0	6109.0	129239.0	37165.0
182059.0	83058.0	83326.0	6112.0	129318.0	37202.0
182156.0	83101.0	83369.0	6115.0	129397.0	37239.0
182253.0	83144.0	83412.0	6118.0	129476.0	37276.0
182350.0	83187.0	83455.0	6121.0	129555.0	37313.0
182447.0	83230.0	83498.0	6124.0	129634.0	37350.0
182544.0	83273.0	83541.0	6127.0	129713.0	37387.0
182641.0	83316.0	83584.0	6130.0	129792.0	37424.0
182738.0	83359.0	83627.0	6133.0	129871.0	37461.0
182835.0	83402.0	83670.0	6136.0	129950.0	37498.0
182932.0	83445.0	83713.0	6139.0	130029.0	37535.0
183029.0	83488.0	83756.0	6142.0	130108.0	37572.0
183126.0	83531.0	83799.0	6145.0	130187.0	37609.0
183223.0	83574.0	83842.0	6148.0	130266.0	37646.0
183320.0	83617.0	83885.0	6151.0	130345.0	37683.0
183417.0	83660.0	83928.0	6154.0	130424.0	37720.0
183514.0	83703.0	83971.0	6157.0	130503.0	37757.0
183611.0	83746.0	84014.0	6160.0	130582.0	37794.0
183708.0	83789.0	84057.0	6163.0	130661.0	37831.0
183805.0	83832.0	84100.0	6166.0	130740.0	37868.0
183902.0	83875.0	84143.0	6169.0	130819.0	37905.0
183999.0	83918.0	84186.0	6172.0	130898.0	37942.0
184096.0	83961.0	84229.0	6175.0	130977.0	37979.0
184193.0	84004.0	84272.0	6178.0	131056.0	38016.0
184290.0	84047.0	84315.0	6181.0	131135.0	38053.0
184387.0	84090.0	84358.0	6184.0	131214.0	38090.0
184484.0	84133.0	84401.0	6187.0	131293.0	38127.0
184581.0	84176.0	84444.0	6190.0	131372.0	38164.0
184678.0	84219.0	84487.0	6193.0	131451.0	38201.0
184775.0	84262.0	84530.0	6196.0	131530.0	38238.0
184872.0	84305.0	84573.0	6199.0	131609.0	38275.0
184969.0	84348.0	84616.0	6202.0	131688.0	38312.0
185066.0	84391.0	84659.0	6205.0	131767.0	38349.0
185163.0	84434.0	84702.0	6208.0	131846.0	38386.0
185260.0	84477.0	84745.0	6211.0	131925.0	38423.0
185357.0	84520.0	84788.0	6214.0	132004.0	38460.0
185454.0	84563.0	84831.0	6217.0	132083.0	38497.0
185551.0	84606.0	84874.0	6220.0	132162.0	38534.0
185648.0	84649.0	84917.0	6223.0	132241.0	38571.0
185745.0	84692.0	84960.0	6226.0	132320.0	38608.0
185842.0	84735.0	85003.0	6229.0	132399.0	38645.0
185939.0	84778.0	85046.0	6232.0	132478.0	38682.0
186036.0	84821.0	85089.0	6235.0	132557.0	38719.0
186133.0	84864.0	85132.0	6238.0	132636.0	38756.0
186230.0	84907.0	85175.0	6241.0	132715.0	38793.0
186327.0	84950.0	85218.0	6244.0	132794.0	38830.0
186424.0	84993.0	85261.0	6247.0	132873.0	38867.0
186521.0	85036.0	85304.0	6250.0	132952.0	38904.0
186618.0	85079.0	85347.0	6253.0	133031.0	38941.0
186715.0	85122.0	85390.0	6256.0	133110.0	38978.0
186812.0	85165.0	85433.0	6259.0	133189.0	39015.0
186909.0	85208.0	85476.0	6262.0	133268.0	39052.0
187006.0	85251.0	85519.0	6265.0	133347.0	39089.0
187103.0	85294.0	85562.0	6268.0	133426.0	39126.0
187200.0	85337.0	85605.0	6271.0	133505.0	39163.0
187297.0	85380.0	85648.0	6274.0	133584.0	39200.0
187394.0	85423.0	85691.0	6277.0	133663.0	39237.0
187491.0	85466.0	85734.0	6280.0	133742.0	39274.0
187588.0	85509.0	85777.0	6283.0	133821.0	39311.0
187685.0	85552.0	85820.0	6286.0	133900.0	39348.0
187782.0	85595.0	85863.0	6289.0	133979.0	39385.0
187879.0	85638.0	85906.0	6292.0	134058.0	39422.0
187976.0	85681.0	85949.0	6295.0	134137.0	39459.0
188073.0	85724.0	85992.0	6298.0	134216.0	39496.0
188170.0	85767.0	86035.0	6301.0	134295.0	39533.0
188267.0	85810.0	86078.0	6304.0	134374.0	39570.0
188364.0	85853.0	86121.0	6307.0	134453.0	39607.0
188461.0	85896.0	86164.0	6310.0	134532.0	39644.0
188558.0	85939.0	86207.0	6313.0	134611.0	39681.0
188655.0	85982.0	86250.0	6316.0	134690.0	39718.0
188752.0	86025.0	86293.0	6319.0	134769.0	39755.0
188849.0	86068.0	86336.0	6322.0	134848.0	39792.0
188946.0	86111.0	86379.0	6325.0	134927.0	39829.0
189043.0	86154.0	86422.0	6328.0	135006.0	39866.0
189140.0	86197.0	86465.0	6331.0	135085.0	39903.0
189237.0	86240.0	86508.0	6334.0	135164.0	39940.0
189334.0	86283.0	86551.0	6337.0	135243.0	39977.0
189431.0	86326.0	86594.0	6340.0	135322.0	40014.0
189528.0	86369.0	86637.0	6343.0	135401.0	40051.0
189625.0	86412.0	86680.0	6346.0	135480.0	40088.0
189722.0	86455.0	86723.0	6349.0	135559.0	40125.0
189819.0	86498.0	86766.0	6352.0	135638.0	40162.0
189916.0	86541.0	86809.0	6355.0	135717.0	40199.0
190013.0	86584.0	86852.0	6358.0	135796.0	40236.0
190110.0	86627.0	86895.0	6361.0	135875.0	40273.0
190207.0	86670.0	86938.0	6364.0	135954.0	40310.0
190304.0	86713.0	86981.0	6367.0	136033.0	40347.0
190401.0	86756.0	87024.0	6370.0	136112.0	40384.0
190498.0	86799.0	87067.0	6373.0	136191.0	40421.0
190595.0	86842.0	87110.0	6376.0	136270.0	40458.0
190692.0	86885.0	87153.0	6379.0	136349.0	40495.0
190789.0	86928.0	87196.0	6382.0	136428.0	40532.0
190886.0	86971.0	87239.0	6385.0	136507.0	40569.0
190983.0	87014.0	87282.0	6388.0	136586.0	40606.0
191080.0	87057.0	87325.0	6391.0	136665.0	40643.0
191177.0	87100.0	87368.0	6394.0	136744.0	40680.0
191274.0	87143.0	87411.0	6397.0	136823.0	40717.0
191371.0	87186.0	87454.0	6400.0	136902.0	40754.0
191468.0	87229.0	87497.0	6403.0	136981.0	40791.0
191565.0	87272.0	87540.0	6406.0	137060.0	40828.0
191662.0	87315.0	87583.0	6409.0	137139.0	40865.0
191759.0	87358.0	87626.0	6412.0	137218.0	40902.0
191856.0	87401.0	87669.0	6415.0	137297.0	40939.0
191953.0	87444.0	87712.0	6418.0	137376.0	40976.0
192050.0	87487.0	87755.0	6421.0	137455.0	41013.0
192147.0	87530.0	87798.0	6424.0	137534.0	41050.0
192244.0	87573.0	87841.0	6427.0	137613.0	41087.0
192341.0	87616.0	87884.0	6430.0	137692.0	41124.0
192438.0	87659.0	87927.0	6433.0	137771.0	41161.0
192535.0	87702.0	87970.0	6436.0	137850.0	41198.0
192632.0	87745.0	88013.0	6439.0	137929.0	41235.0
192729.0	87788.0	88056.0	6442.0	138008.0	41272.0
192826.0	87831.0	88099.0	6445.0	138087.0	41309.0
192923.0	87874.0	88142.0	6448.0	138166.0	41346.0
193020.0	87917.0	88185.0	6451.0	138245.0	41383.0
193117.0	87960.0	88228.0	6454.0	138324.0	41420.0
193214.0	88003.0	88271.0	6457.0	138403.0	41457.0
193311.0	88046.0	88314.0	6460.0	138482.0	41494.0
193408.0	88089.0	88357.0	6463.0	138561.0	41531.0
193505.0	88132.0	88400.0	6466.0	138640.0	41568.0
193602.0	88175.0	88443.0	6469.0	138719.0	41605.0
193699.0	88218.0	88486.0	6472.0	138798.0	41642.0
193796.0	88261.0	88529.0	6475.0	138877.0	41679.0
193893.0	88304.0	88572.0	6478.0	138956.0	41716.0
193990.0	88347.0	88615.0	6481.0	139035.0	41753.0
194087.0	88390.0	88658.0	6484.0	139114.0	41790.0
194184.0	88433.0	88701.0	6487.0	139193.0	41827.0
194281.0	88476.0	88744.0	6490.0	139272.0	41864.0
194378.0	88519.0	88787.0	6493.0	139351.0	41901.0
194475.0	88562.0	88830.0	6496.0	139430.0	41938.0
194572.0	88605.0	88873.0	6499.0	139509.0	41975.0
194669.0	88648.0	88916.0	6502.0	139588.0	42012.0
194766.0	88691.0	88959.0	6505.0	139667.0	42049.0
194863.0	88734.0	89002.0	6508.0	139746.0	42086.0
194960.0	88777.0	89045.0	6511.0	139825.0	42123.0
195057.0	88820.0	89088.0	6514.0	139904.0	42160.0
195154.0	88863.0	89131.0	6517.0	139983.0	42197.0
195251.0	88906.0	89174.0	6520.0	140062.0	42234.0
195348.0	88949.0	89217.0	6523.0	140141.0	42271.0
195445.0	88992.0	89260.0	6526.0	140220.0	42308.0
195542.0	89035.0	89303.0	6529.0	140299.0	42345.0
195639.0	89078.0	89346.0	6532.0	140378.0	42382.0
195736.0	89121.0	89389.0	6535.0	140457.0	42419.0
195833.0	89164.0	89432.0	6538.0	140536.0	42456.0
195930.0	89207.0	89475.0	6541.0	140615.0	42493.0
196027.0	89250.0	89518.0	6544.0	140694.0	42530.0
196124.0	89293.0	89561.0	6547.0	140773.0	42567.0
196221.0	89336.0	89604.0	6550.0	140852.0	42604.0
196318.0	89379.0	89647.0	6553.0	140931.0	42641.0
196415.0	89422.0	89690.0	6556.0	141010.0	42678.0
196512.0	89465.0	89733.0	6559.0	141089.0	42715.0
196609.0	89508.0	89776.0	6562.0	141168.0	42752.0
196706.0	89551.0	89819.0	6565.0	141247.0	42789.0
196803.0	89594.0	89862.0	6568.0	141326.0	42826.0
196900.0	89637.0	89905.0	6571.0	141405.0	42863.0
196997.0	89680.0	89948.0	6574.0	141484.0	42900.0
197094.0	89723.0	89991.0	6577.0	141563.0	42937.0
197191.0	89766.0	90034.0	6580.0	141642.0	42974.0
197288.0	89809.0	90077.0	6583.0	141721.0	43011.0
197385.0	89852.0	90120.0	6586.0	141800.0	43048.0
197482.0	89895.0	90163.0	6589.0	141879.0	43085.0
197579.0	89938.0	90206.0	6592.0	141958.0	43122.0
197676.0	89981.0	90249.0	6595.0	142037.0	43159.0
197773.0	90024.0	90292.0	6598.0	142116.0	43196.0
197870.0	90067.0	90335.0	6601.0	142195.0	43233.0
197967.0	90110.0	90378.0	6604.0	142274.0	43270.0
198064.0	90153.0	90421.0	6607.0	142353.0	43307.0
198161.0	90196.0	90464.0	6610.0	142432.0	43344.0
198258.0	90239.0	90507.0	6613.0	142511.0	43381.0
198355.0	90282.0	90550.0	6616.0	142590.0	43418.0
198452.0	90325.0	90593.0	6619.0	142669.0	43455.0
198549.0	90368.0	90636.0	6622.0	142748.0	43492.0
198646.0	90411.0	90679.0	6625.0	142827.0	43529.0
198743.0	90454.0	90722.0	6628.0	142906.0	43566.0
198840.0	90497.0	90765.0	6631.0	142985.0	43603.0
198937.0	90540.0	90808.0	6634.0	143064.0	43640.0
199034.0	90583.0	90851.0	6637.0	143143.0	43677.0
199131.0	90626.0	90894.0	6640.0	143222.0	43714.0
199228.0	90669.0	90937.0	6643.0	143301.0	43751.0
199325.0	90712.0	90980.0	6646.0	143380.0	43788.0
199422.0	90755.0	91023.0	6649.0	143459.0	43825.0
199519.0	90798.0	91066.0	6652.0	143538.0	43862.0
199616.0	90841.0	91109.0	6655.0	143617.0	43899.0
199713.0	90884.0	91152.0	6658.0	143696.0	43936.0
199810.0	90927.0	91195.0	6661.0	143775.0	43973.0
199907.0	90970.0	91238.0	6664.0	143854.0	44010.0
200004.0	91013.0	91281.0	6667.0	143933.0	44047.0
200101.0	91056.0	91324.0	6670.0	144012.0	44084.0
200198.0	91099.0	91367.0	6673.0	144091.0	44121.0
200295.0	91142.0	91410.0	6676.0	144170.0	44158.0
200392.0	91185.0	91453.0	6679.0	144249.0	44195.0
200489.0	91228.0	91496.0	6682.0	144328.0	44232.0
200586.0	91271.0	91539.0	6685.0	144407.0	44269.0
200683.0	91314.0	91582.0	6688.0	144486.0	44306.0
200780.0	91357.0	91625.0	6691.0	144565.0	44343.0
200877.0	91400.0	91668.0	6694.0	144644.0	44380.0
200974.0	91443.0	91711.0	6697.0	144723.0	44417.0
201071.0	91486.0	91754.0	6700.0	144802.0	44454.0
201168.0	91529.0	91797.0	6703.0	144881.0	44491.0
201265.0	91572.0	91840.0	6706.0	144960.0	44528.0
201362.0	91615.0	91883.0	6709.0	145039.0	44565.0
201459.0	91658.0	91926.0	6712.0	145118.0	44602.0
201556.0	91701.0	91969.0	6715.0	145197.0	44639.0
201653.0	91744.0	92012.0	6718.0	145276.0	44676.0
201750.0	91787.0	92055.0	6721.0	145355.0	44713.0
201847.0	91830.0	92098.0	6724.0	145434.0	44750.0
201944.0	91873.0	92141.0	6727.0	145513.0	44787.0
202041.0	91916.0	92184.0	6730.0	145592.0	44824.0
202138.0	91959.0	92227.0	6733.0	145671.0	44861.0
202235.0	92002.0	92270.0	6736.0	145750.0	44898.0
202332.0	92045.0	92313.0	6739.0	145829.0	44935.0
202429.0	92088.0	92356.0	6742.0	145908.0	44972.0
202526.0	92131.0	92399.0	6745.0	145987.0	45009.0
202623.0	92174.0	92442.0	6748.0	146066.0	45046.0
202720.0	92217.0	92485.0	6751.0	146145.0	45083.0
202817.0	92260.0	92528.0	6754.0	146224.0	45120.0
202914.0	92303.0	92571.0	6757.0	146303.0	45157.0
203011.0	92346.0	92614.0	6760.0	146382.0	45194.0
203108.0	92389.0	92657.0	6763.0	146461.0	45231.0
203205.0	92432.0	92700.0	6766.0	146540.0	45268.0
203302.0	92475.0	92743.0	6769.0	146619.0	45305.0
203399.0	92518.0	92786.0	6772.0	146698.0	45342.0
203496.0	92561.0	92829.0	6775.0	146777.0	45379.0
203593.0	92604.0	92872.0	6778.0	146856.0	45416.0
203690.0	92647.0	92915.0	6781.0	146935.0	45453.0
203787.0	92690.0	92958.0	6784.0	147014.0	45490.0
203884.0	92733.0	93001.0	6787.0	147093.0	45527.0
203981.0	92776.0	93044.0	6790.0	147172.0	45564.0
204078.0	92819.0	93087.0	6793.0	147251.0	45601.0
204175.0	92862.0	93130.0	6796.0	147330.0	45638.0
204272.0	92905.0	93173.0	6799.0	147409.0	45675.0
204369.0	92948.0	93216.0	6802.0	147488.0	45712.0
204466.0	92991.0	93259.0	6805.0	147567.0	45749.0
204563.0	93034.0	93302.0	6808.0	147646.0	45786.0
204660.0	93077.0	93345.0	6811.0	147725.0	45823.0
204757.0	93120.0	93388.0	6814.0	147804.0	45860.0
204854.0	93163.0	93431.0	6817.0	147883.0	45897.0
204951.0	93206.0	93474.0	6820.0	147962.0	45934.0
205048.0	93249.0	93517.0	6823.0	148041.0	45971.0
205145.0	93292.0	93560.0	6826.0	148120.0	46008.0
205242.0	93335.0	93603.0	6829.0	148199.0	46045.0
205339.0	93378.0	93646.0	6832.0	148278.0	46082.0
205436.0	93421.0	93689.0	6835.0	148357.0	46119.0
205533.0	93464.0	93732.0	6838.0	148436.0	46156.0
205630.0	93507.0	93775.0	6841.0	148515.0	46193.0
205727.0	93550.0	93818.0	6844.0	148594.0	46230.0
205824.0	93593.0	93861.0	6847.0	148673.0	46267.0
205921.0	93636.0	93904.0	6850.0	148752.0	46304.0
206018.0	93679.0	93947.0	6853.0	148831.0	46341.0
206115.0	93722.0	93990.0	6856.0	148910.0	46378.0
206212.0	93765.0	94033.0	6859.0	148989.0	46415.0
206309.0	93808.0	94076.0	6862.0	149068.0	46452.0
206406.0	93851.0	94119.0	6865.0	149147.0	46489.0
206503.0	93894.0	94162.0	6868.0	149226.0	46526.0
206600.0	93937.0	94205.0	6871.0	149305.0	46563.0
206697.0	93980.0	94248.0	6874.0	149384.0	46600.0
206794.0	94023.0	94291.0	6877.0	149463.0	46637.0
206891.0	94066.0	94334.0	6880.0	149542.0	46674.0
206988.0	94109.0	94377.0	6883.0	149621.0	46711.0
207085.0	94152.0	94420.0	6886.0	149700.0	46748.0
207182.0	94195.0	94463.0	6889.0	149779.0	46785.0
207279.0	94238.0	94506.0	6892.0	149858.0	46822.0
207376.0	94281.0	94549.0	6895.0	149937.0	46859.0
207473.0	94324.0	94592.0	6898.0	150016.0	46896.0
207570.0	94367.0	94635.0	6901.0	150095.0	46933.0
207667.0	94410.0	94678.0	6904.0	150174.0	46970.0
207764.0	94453.0	94721.0	6907.0	150253.0	47007.0
207861.0	94496.0	94764.0	6910.0	150332.0	47044.0
207958.0	94539.0	94807.0	6913.0	150411.0	47081.0
208055.0	94582.0	94850.0	6916.0	150490.0	47118.0
208152.0	94625.0	94893.0	6919.0	150569.0	47155.0
208249.0	94668.0	94936.0	6922.0	150648.0	47192.0
208346.0	94711.0	94979.0	6925.0	150727.0	47229.0
208443.0	94754.0	95022.0	6928.0	150806.0	47266.0
208540.0	94797.0	95065.0	6931.0	150885.0	47303.0
208637.0	94840.0	95108.0	6934.0	150964.0	47340.0
208734.0	94883.0	95151.0	6937.0	151043.0	47377.0
208831.0	94926.0	95194.0	6940.0	151122.0	47414.0
208928.0	94969.0	95237.0	6943.0	151201.0	47451.0
209025.0	95012.0	95280.0	6946.0	151280.0	47488.0
209122.0	95055.0	95323.0	6949.0	151359.0	47525.0
209219.0	95098.0	95366.0	6952.0	151438.0	47562.0
209316.0	95141.0	95409.0	6955.0	151517.0	47599.0
209413.0	95184.0	95452.0	6958.0	151596.0	47636.0
209510.0	95227.0	95495.0	6961.0	151675.0	47673.0
209607.0	95270.0	95538.0	6964.0	151754.0	47710.0
209704.0	95313.0	95581.0	6967.0	151833.0	47747.0
209801.0	95356.0	95624.0	6970.0	151912.0	47784.0
209898.0	95399.0	95667.0	6973.0	151991.0	47821.0
209995.0	95442.0	95710.0	6976.0	152070.0	47858.0
210092.0	95485.0	95753.0	6979.0	152149.0	47895.0
210189.0	95528.0	95796.0	6982.0	152228.0	47932.0
210286.0	95571.0	95839.0	6985.0	152307.0	47969.0
210383.0	95614.0	95882.0	6988.0	152386.0	48006.0
210480.0	95657.0	95925.0	6991.0	152465.0	48043.0
210577.0	95700.0	95968.0	6994.0	152544.0	48080.0
210674.0	95743.0	96011.0	6997.0	152623.0	48117.0
210771.0	95786.0	96054.0	7000.0	152702.0	48154.0
210868.0	95829.0	96097.0	7003.0	152781.0	48191.0
210965.0	95872.0	96140.0	7006.0	152860.0	48228.0
211062.0	95915.0	96183.0	7009.0	152939.0	48265.0
211159.0	95958.0	96226.0	7012.0	153018.0	48302.0
211256.0	96001.0	96269.0	7015.0	153097.0	48339.0
211353.0	96044.0	96312.0	7018.0	153176.0	48376.0
211450.0	96087.0	96355.0	7021.0	153255.0	48413.0
211547.0	96130.0	96398.0	7024.0	153334.0	48450.0
211644.0	96173.0	96441.0	7027.0	153413.0	48487.0
211741.0	96216.0	96484.0	7030.0	153492.0	48524.0
211838.0	96259.0	96527.0	7033.0	153571.0	48561.0
211935.0	96302.0	96570.0	7036.0	153650.0	48598.0
212032.0	96345.0	96613.0	7039.0	153729.0	48635.0
212129.0	96388.0	96656.0	7042.0	153808.0	48672.0
212226.0	96431.0	96699.0	7045.0	153887.0	48709.0
212323.0	96474.0	96742.0	7048.0	153966.0	48746.0
212420.0	96517.0	96785.0	7051.0	154045.0	48783.0
212517.0	96560.0	96828.0	7054.0	154124.0	48820.0
212614.0	96603.0	96871.0	7057.0	154203.0	48857.0
212711.0	96646.0	96914.0	7060.0	154282.0	48894.0
212808.0	96689.0	96957.0	7063.0	154361.0	48931.0
212905.0	96732.0	97000.0	7066.0	154440.0	48968.0
213002.0	96775.0	97043.0	7069.0	154519.0	49005.0
213099.0	96818.0	97086.0	7072.0	154598.0	49042.0
213196.0	96861.0	97129.0	7075.0	154677.0	49079.0
213293.0	96904.0	97172.0	7078.0	154756.0	49116.0
213390.0	96947.0	97215.0	7081.0	154835.0	49153.0
213487.0	96990.0	97258.0	7084.0	154914.0	49190.0
213584.0	97033.0	97301.0	7087.0	154993.0	49227.0
