26560.0	39666.0	2170.0	64146.0	27328.0
26601.0	39727.0	2173.0	64243.0	27369.0
26642.0	39788.0	2176.0	64340.0	27410.0
26683.0	39849.0	2179.0	64437.0	27451.0
26724.0	39910.0	2182.0	64534.0	27492.0
26765.0	39971.0	2185.0	64631.0	27533.0
26806.0	40032.0	2188.0	64728.0	27574.0
26847.0	40093.0	2191.0	64825.0	27615.0
26888.0	40154.0	2194.0	64922.0	27656.0
26929.0	40215.0	2197.0	65019.0	27697.0
26970.0	40276.0	2200.0	65116.0	27738.0
27011.0	40337.0	2203.0	65213.0	27779.0
27052.0	40398.0	2206.0	65310.0	27820.0
27093.0	40459.0	2209.0	65407.0	27861.0
27134.0	40520.0	2212.0	65504.0	27902.0
27175.0	40581.0	2215.0	65601.0	27943.0
27216.0	40642.0	2218.0	65698.0	27984.0
27257.0	40703.0	2221.0	65795.0	28025.0
27298.0	40764.0	2224.0	65892.0	28066.0
27339.0	40825.0	2227.0	65989.0	28107.0
27380.0	40886.0	2230.0	66086.0	28148.0
27421.0	40947.0	2233.0	66183.0	28189.0
27462.0	41008.0	2236.0	66280.0	28230.0
27503.0	41069.0	2239.0	66377.0	28271.0
27544.0	41130.0	2242.0	66474.0	28312.0
27585.0	41191.0	2245.0	66571.0	28353.0
27626.0	41252.0	2248.0	66668.0	28394.0
27667.0	41313.0	2251.0	66765.0	28435.0
27708.0	41374.0	2254.0	66862.0	28476.0
27749.0	41435.0	2257.0	66959.0	28517.0
27790.0	41496.0	2260.0	67056.0	28558.0
27831.0	41557.0	2263.0	67153.0	28599.0
27872.0	41618.0	2266.0	67250.0	28640.0
27913.0	41679.0	2269.0	67347.0	28681.0
27954.0	41740.0	2272.0	67444.0	28722.0
27995.0	41801.0	2275.0	67541.0	28763.0
28036.0	41862.0	2278.0	67638.0	28804.0
28077.0	41923.0	2281.0	67735.0	28845.0
28118.0	41984.0	2284.0	67832.0	28886.0
28159.0	42045.0	2287.0	67929.0	28927.0
28200.0	42106.0	2290.0	68026.0	28968.0
28241.0	42167.0	2293.0	68123.0	29009.0
28282.0	42228.0	2296.0	68220.0	29050.0
28323.0	42289.0	2299.0	68317.0	29091.0
28364.0	42350.0	2302.0	68414.0	29132.0
28405.0	42411.0	2305.0	68511.0	29173.0
28446.0	42472.0	2308.0	68608.0	29214.0
28487.0	42533.0	2311.0	68705.0	29255.0
28528.0	42594.0	2314.0	68802.0	29296.0
28569.0	42655.0	2317.0	68899.0	29337.0
28610.0	42716.0	2320.0	68996.0	29378.0
28651.0	42777.0	2323.0	69093.0	29419.0
28692.0	42838.0	2326.0	69190.0	29460.0
28733.0	42899.0	2329.0	69287.0	29501.0
28774.0	42960.0	2332.0	69384.0	29542.0
28815.0	43021.0	2335.0	69481.0	29583.0
28856.0	43082.0	2338.0	69578.0	29624.0
28897.0	43143.0	2341.0	69675.0	29665.0
28938.0	43204.0	2344.0	69772.0	29706.0
28979.0	43265.0	2347.0	69869.0	29747.0
29020.0	43326.0	2350.0	69966.0	29788.0
29061.0	43387.0	2353.0	70063.0	29829.0
29102.0	43448.0	2356.0	70160.0	29870.0
29143.0	43509.0	2359.0	70257.0	29911.0
29184.0	43570.0	2362.0	70354.0	29952.0
29225.0	43631.0	2365.0	70451.0	29993.0
29266.0	43692.0	2368.0	70548.0	30034.0
29307.0	43753.0	2371.0	70645.0	30075.0
29348.0	43814.0	2374.0	70742.0	30116.0
29389.0	43875.0	2377.0	70839.0	30157.0
29430.0	43936.0	2380.0	70936.0	30198.0
29471.0	43997.0	2383.0	71033.0	30239.0
29512.0	44058.0	2386.0	71130.0	30280.0
29553.0	44119.0	2389.0	71227.0	30321.0
29594.0	44180.0	2392.0	71324.0	30362.0
29635.0	44241.0	2395.0	71421.0	30403.0
29676.0	44302.0	2398.0	71518.0	30444.0
29717.0	44363.0	2401.0	71615.0	30485.0
29758.0	44424.0	2404.0	71712.0	30526.0
29799.0	44485.0	2407.0	71809.0	30567.0
29840.0	44546.0	2410.0	71906.0	30608.0
29881.0	44607.0	2413.0	72003.0	30649.0
29922.0	44668.0	2416.0	72100.0	30690.0
29963.0	44729.0	2419.0	72197.0	30731.0
30004.0	44790.0	2422.0	72294.0	30772.0
30045.0	44851.0	2425.0	72391.0	30813.0
30086.0	44912.0	2428.0	72488.0	30854.0
30127.0	44973.0	2431.0	72585.0	30895.0
30168.0	45034.0	2434.0	72682.0	30936.0
30209.0	45095.0	2437.0	72779.0	30977.0
30250.0	45156.0	2440.0	72876.0	31018.0
30291.0	45217.0	2443.0	72973.0	31059.0
30332.0	45278.0	2446.0	73070.0	31100.0
30373.0	45339.0	2449.0	73167.0	31141.0
30414.0	45400.0	2452.0	73264.0	31182.0
30455.0	45461.0	2455.0	73361.0	31223.0
30496.0	45522.0	2458.0	73458.0	31264.0
30537.0	45583.0	2461.0	73555.0	31305.0
30578.0	45644.0	2464.0	73652.0	31346.0
30619.0	45705.0	2467.0	73749.0	31387.0
30660.0	45766.0	2470.0	73846.0	31428.0
30701.0	45827.0	2473.0	73943.0	31469.0
30742.0	45888.0	2476.0	74040.0	31510.0
30783.0	45949.0	2479.0	74137.0	31551.0
30824.0	46010.0	2482.0	74234.0	31592.0
30865.0	46071.0	2485.0	74331.0	31633.0
30906.0	46132.0	2488.0	74428.0	31674.0
30947.0	46193.0	2491.0	74525.0	31715.0
30988.0	46254.0	2494.0	74622.0	31756.0
31029.0	46315.0	2497.0	74719.0	31797.0
31070.0	46376.0	2500.0	74816.0	31838.0
31111.0	46437.0	2503.0	74913.0	31879.0
31152.0	46498.0	2506.0	75010.0	31920.0
31193.0	46559.0	2509.0	75107.0	31961.0
31234.0	46620.0	2512.0	75204.0	32002.0
31275.0	46681.0	2515.0	75301.0	32043.0
31316.0	46742.0	2518.0	75398.0	32084.0
31357.0	46803.0	2521.0	75495.0	32125.0
31398.0	46864.0	2524.0	75592.0	32166.0
31439.0	46925.0	2527.0	75689.0	32207.0
31480.0	46986.0	2530.0	75786.0	32248.0
31521.0	47047.0	2533.0	75883.0	32289.0
31562.0	47108.0	2536.0	75980.0	32330.0
31603.0	47169.0	2539.0	76077.0	32371.0
31644.0	47230.0	2542.0	76174.0	32412.0
31685.0	47291.0	2545.0	76271.0	32453.0
31726.0	47352.0	2548.0	76368.0	32494.0
31767.0	47413.0	2551.0	76465.0	32535.0
31808.0	47474.0	2554.0	76562.0	32576.0
31849.0	47535.0	2557.0	76659.0	32617.0
31890.0	47596.0	2560.0	76756.0	32658.0
31931.0	47657.0	2563.0	76853.0	32699.0
31972.0	47718.0	2566.0	76950.0	32740.0
32013.0	47779.0	2569.0	77047.0	32781.0
32054.0	47840.0	2572.0	77144.0	32822.0
32095.0	47901.0	2575.0	77241.0	32863.0
32136.0	47962.0	2578.0	77338.0	32904.0
32177.0	48023.0	2581.0	77435.0	32945.0
32218.0	48084.0	2584.0	77532.0	32986.0
32259.0	48145.0	2587.0	77629.0	33027.0
32300.0	48206.0	2590.0	77726.0	33068.0
32341.0	48267.0	2593.0	77823.0	33109.0
32382.0	48328.0	2596.0	77920.0	33150.0
32423.0	48389.0	2599.0	78017.0	33191.0
32464.0	48450.0	2602.0	78114.0	33232.0
32505.0	48511.0	2605.0	78211.0	33273.0
32546.0	48572.0	2608.0	78308.0	33314.0
32587.0	48633.0	2611.0	78405.0	33355.0
32628.0	48694.0	2614.0	78502.0	33396.0
32669.0	48755.0	2617.0	78599.0	33437.0
32710.0	48816.0	2620.0	78696.0	33478.0
32751.0	48877.0	2623.0	78793.0	33519.0
32792.0	48938.0	2626.0	78890.0	33560.0
32833.0	48999.0	2629.0	78987.0	33601.0
32874.0	49060.0	2632.0	79084.0	33642.0
32915.0	49121.0	2635.0	79181.0	33683.0
32956.0	49182.0	2638.0	79278.0	33724.0
32997.0	49243.0	2641.0	79375.0	33765.0
33038.0	49304.0	2644.0	79472.0	33806.0
33079.0	49365.0	2647.0	79569.0	33847.0
33120.0	49426.0	2650.0	79666.0	33888.0
33161.0	49487.0	2653.0	79763.0	33929.0
33202.0	49548.0	2656.0	79860.0	33970.0
33243.0	49609.0	2659.0	79957.0	34011.0
33284.0	49670.0	2662.0	80054.0	34052.0
33325.0	49731.0	2665.0	80151.0	34093.0
33366.0	49792.0	2668.0	80248.0	34134.0
33407.0	49853.0	2671.0	80345.0	34175.0
33448.0	49914.0	2674.0	80442.0	34216.0
33489.0	49975.0	2677.0	80539.0	34257.0
33530.0	50036.0	2680.0	80636.0	34298.0
33571.0	50097.0	2683.0	80733.0	34339.0
33612.0	50158.0	2686.0	80830.0	34380.0
33653.0	50219.0	2689.0	80927.0	34421.0
33694.0	50280.0	2692.0	81024.0	34462.0
33735.0	50341.0	2695.0	81121.0	34503.0
33776.0	50402.0	2698.0	81218.0	34544.0
33817.0	50463.0	2701.0	81315.0	34585.0
33858.0	50524.0	2704.0	81412.0	34626.0
33899.0	50585.0	2707.0	81509.0	34667.0
33940.0	50646.0	2710.0	81606.0	34708.0
33981.0	50707.0	2713.0	81703.0	34749.0
34022.0	50768.0	2716.0	81800.0	34790.0
34063.0	50829.0	2719.0	81897.0	34831.0
34104.0	50890.0	2722.0	81994.0	34872.0
34145.0	50951.0	2725.0	82091.0	34913.0
34186.0	51012.0	2728.0	82188.0	34954.0
34227.0	51073.0	2731.0	82285.0	34995.0
34268.0	51134.0	2734.0	82382.0	35036.0
34309.0	51195.0	2737.0	82479.0	35077.0
34350.0	51256.0	2740.0	82576.0	35118.0
34391.0	51317.0	2743.0	82673.0	35159.0
34432.0	51378.0	2746.0	82770.0	35200.0
34473.0	51439.0	2749.0	82867.0	35241.0
34514.0	51500.0	2752.0	82964.0	35282.0
34555.0	51561.0	2755.0	83061.0	35323.0
34596.0	51622.0	2758.0	83158.0	35364.0
34637.0	51683.0	2761.0	83255.0	35405.0
34678.0	51744.0	2764.0	83352.0	35446.0
34719.0	51805.0	2767.0	83449.0	35487.0
34760.0	51866.0	2770.0	83546.0	35528.0
34801.0	51927.0	2773.0	83643.0	35569.0
34842.0	51988.0	2776.0	83740.0	35610.0
34883.0	52049.0	2779.0	83837.0	35651.0
34924.0	52110.0	2782.0	83934.0	35692.0
34965.0	52171.0	2785.0	84031.0	35733.0
35006.0	52232.0	2788.0	84128.0	35774.0
35047.0	52293.0	2791.0	84225.0	35815.0
35088.0	52354.0	2794.0	84322.0	35856.0
35129.0	52415.0	2797.0	84419.0	35897.0
35170.0	52476.0	2800.0	84516.0	35938.0
35211.0	52537.0	2803.0	84613.0	35979.0
35252.0	52598.0	2806.0	84710.0	36020.0
35293.0	52659.0	2809.0	84807.0	36061.0
35334.0	52720.0	2812.0	84904.0	36102.0
35375.0	52781.0	2815.0	85001.0	36143.0
35416.0	52842.0	2818.0	85098.0	36184.0
35457.0	52903.0	2821.0	85195.0	36225.0
35498.0	52964.0	2824.0	85292.0	36266.0
35539.0	53025.0	2827.0	85389.0	36307.0
35580.0	53086.0	2830.0	85486.0	36348.0
35621.0	53147.0	2833.0	85583.0	36389.0
35662.0	53208.0	2836.0	85680.0	36430.0
35703.0	53269.0	2839.0	85777.0	36471.0
35744.0	53330.0	2842.0	85874.0	36512.0
35785.0	53391.0	2845.0	85971.0	36553.0
35826.0	53452.0	2848.0	86068.0	36594.0
35867.0	53513.0	2851.0	86165.0	36635.0
35908.0	53574.0	2854.0	86262.0	36676.0
35949.0	53635.0	2857.0	86359.0	36717.0
35990.0	53696.0	2860.0	86456.0	36758.0
36031.0	53757.0	2863.0	86553.0	36799.0
36072.0	53818.0	2866.0	86650.0	36840.0
36113.0	53879.0	2869.0	86747.0	36881.0
36154.0	53940.0	2872.0	86844.0	36922.0
36195.0	54001.0	2875.0	86941.0	36963.0
36236.0	54062.0	2878.0	87038.0	37004.0
36277.0	54123.0	2881.0	87135.0	37045.0
36318.0	54184.0	2884.0	87232.0	37086.0
36359.0	54245.0	2887.0	87329.0	37127.0
36400.0	54306.0	2890.0	87426.0	37168.0
36441.0	54367.0	2893.0	87523.0	37209.0
36482.0	54428.0	2896.0	87620.0	37250.0
36523.0	54489.0	2899.0	87717.0	37291.0
36564.0	54550.0	2902.0	87814.0	37332.0
36605.0	54611.0	2905.0	87911.0	37373.0
36646.0	54672.0	2908.0	88008.0	37414.0
36687.0	54733.0	2911.0	88105.0	37455.0
36728.0	54794.0	2914.0	88202.0	37496.0
36769.0	54855.0	2917.0	88299.0	37537.0
36810.0	54916.0	2920.0	88396.0	37578.0
36851.0	54977.0	2923.0	88493.0	37619.0
36892.0	55038.0	2926.0	88590.0	37660.0
36933.0	55099.0	2929.0	88687.0	37701.0
36974.0	55160.0	2932.0	88784.0	37742.0
37015.0	55221.0	2935.0	88881.0	37783.0
37056.0	55282.0	2938.0	88978.0	37824.0
37097.0	55343.0	2941.0	89075.0	37865.0
37138.0	55404.0	2944.0	89172.0	37906.0
37179.0	55465.0	2947.0	89269.0	37947.0
37220.0	55526.0	2950.0	89366.0	37988.0
37261.0	55587.0	2953.0	89463.0	38029.0
37302.0	55648.0	2956.0	89560.0	38070.0
37343.0	55709.0	2959.0	89657.0	38111.0
37384.0	55770.0	2962.0	89754.0	38152.0
37425.0	55831.0	2965.0	89851.0	38193.0
37466.0	55892.0	2968.0	89948.0	38234.0
37507.0	55953.0	2971.0	90045.0	38275.0
37548.0	56014.0	2974.0	90142.0	38316.0
37589.0	56075.0	2977.0	90239.0	38357.0
37630.0	56136.0	2980.0	90336.0	38398.0
37671.0	56197.0	2983.0	90433.0	38439.0
37712.0	56258.0	2986.0	90530.0	38480.0
37753.0	56319.0	2989.0	90627.0	38521.0
37794.0	56380.0	2992.0	90724.0	38562.0
37835.0	56441.0	2995.0	90821.0	38603.0
37876.0	56502.0	2998.0	90918.0	38644.0
37917.0	56563.0	3001.0	91015.0	38685.0
37958.0	56624.0	3004.0	91112.0	38726.0
37999.0	56685.0	3007.0	91209.0	38767.0
38040.0	56746.0	3010.0	91306.0	38808.0
38081.0	56807.0	3013.0	91403.0	38849.0
38122.0	56868.0	3016.0	91500.0	38890.0
38163.0	56929.0	3019.0	91597.0	38931.0
38204.0	56990.0	3022.0	91694.0	38972.0
38245.0	57051.0	3025.0	91791.0	39013.0
38286.0	57112.0	3028.0	91888.0	39054.0
38327.0	57173.0	3031.0	91985.0	39095.0
38368.0	57234.0	3034.0	92082.0	39136.0
38409.0	57295.0	3037.0	92179.0	39177.0
38450.0	57356.0	3040.0	92276.0	39218.0
38491.0	57417.0	3043.0	92373.0	39259.0
38532.0	57478.0	3046.0	92470.0	39300.0
38573.0	57539.0	3049.0	92567.0	39341.0
38614.0	57600.0	3052.0	92664.0	39382.0
38655.0	57661.0	3055.0	92761.0	39423.0
38696.0	57722.0	3058.0	92858.0	39464.0
38737.0	57783.0	3061.0	92955.0	39505.0
38778.0	57844.0	3064.0	93052.0	39546.0
38819.0	57905.0	3067.0	93149.0	39587.0
38860.0	57966.0	3070.0	93246.0	39628.0
38901.0	58027.0	3073.0	93343.0	39669.0
38942.0	58088.0	3076.0	93440.0	39710.0
38983.0	58149.0	3079.0	93537.0	39751.0
39024.0	58210.0	3082.0	93634.0	39792.0
39065.0	58271.0	3085.0	93731.0	39833.0
39106.0	58332.0	3088.0	93828.0	39874.0
39147.0	58393.0	3091.0	93925.0	39915.0
39188.0	58454.0	3094.0	94022.0	39956.0
39229.0	58515.0	3097.0	94119.0	39997.0
39270.0	58576.0	3100.0	94216.0	40038.0
39311.0	58637.0	3103.0	94313.0	40079.0
39352.0	58698.0	3106.0	94410.0	40120.0
39393.0	58759.0	3109.0	94507.0	40161.0
39434.0	58820.0	3112.0	94604.0	40202.0
39475.0	58881.0	3115.0	94701.0	40243.0
39516.0	58942.0	3118.0	94798.0	40284.0
39557.0	59003.0	3121.0	94895.0	40325.0
39598.0	59064.0	3124.0	94992.0	40366.0
39639.0	59125.0	3127.0	95089.0	40407.0
39680.0	59186.0	3130.0	95186.0	40448.0
39721.0	59247.0	3133.0	95283.0	40489.0
39762.0	59308.0	3136.0	95380.0	40530.0
39803.0	59369.0	3139.0	95477.0	40571.0
39844.0	59430.0	3142.0	95574.0	40612.0
39885.0	59491.0	3145.0	95671.0	40653.0
39926.0	59552.0	3148.0	95768.0	40694.0
39967.0	59613.0	3151.0	95865.0	40735.0
40008.0	59674.0	3154.0	95962.0	40776.0
40049.0	59735.0	3157.0	96059.0	40817.0
40090.0	59796.0	3160.0	96156.0	40858.0
40131.0	59857.0	3163.0	96253.0	40899.0
40172.0	59918.0	3166.0	96350.0	40940.0
40213.0	59979.0	3169.0	96447.0	40981.0
40254.0	60040.0	3172.0	96544.0	41022.0
40295.0	60101.0	3175.0	96641.0	41063.0
40336.0	60162.0	3178.0	96738.0	41104.0
40377.0	60223.0	3181.0	96835.0	41145.0
40418.0	60284.0	3184.0	96932.0	41186.0
40459.0	60345.0	3187.0	97029.0	41227.0
40500.0	60406.0	3190.0	97126.0	41268.0
40541.0	60467.0	3193.0	97223.0	41309.0
40582.0	60528.0	3196.0	97320.0	41350.0
40623.0	60589.0	3199.0	97417.0	41391.0
40664.0	60650.0	3202.0	97514.0	41432.0
40705.0	60711.0	3205.0	97611.0	41473.0
40746.0	60772.0	3208.0	97708.0	41514.0
40787.0	60833.0	3211.0	97805.0	41555.0
40828.0	60894.0	3214.0	97902.0	41596.0
40869.0	60955.0	3217.0	97999.0	41637.0
40910.0	61016.0	3220.0	98096.0	41678.0
40951.0	61077.0	3223.0	98193.0	41719.0
40992.0	61138.0	3226.0	98290.0	41760.0
41033.0	61199.0	3229.0	98387.0	41801.0
41074.0	61260.0	3232.0	98484.0	41842.0
41115.0	61321.0	3235.0	98581.0	41883.0
41156.0	61382.0	3238.0	98678.0	41924.0
41197.0	61443.0	3241.0	98775.0	41965.0
41238.0	61504.0	3244.0	98872.0	42006.0
41279.0	61565.0	3247.0	98969.0	42047.0
41320.0	61626.0	3250.0	99066.0	42088.0
41361.0	61687.0	3253.0	99163.0	42129.0
41402.0	61748.0	3256.0	99260.0	42170.0
41443.0	61809.0	3259.0	99357.0	42211.0
41484.0	61870.0	3262.0	99454.0	42252.0
41525.0	61931.0	3265.0	99551.0	42293.0
41566.0	61992.0	3268.0	99648.0	42334.0
41607.0	62053.0	3271.0	99745.0	42375.0
41648.0	62114.0	3274.0	99842.0	42416.0
41689.0	62175.0	3277.0	99939.0	42457.0
41730.0	62236.0	3280.0	100036.0	42498.0
41771.0	62297.0	3283.0	100133.0	42539.0
41812.0	62358.0	3286.0	100230.0	42580.0
41853.0	62419.0	3289.0	100327.0	42621.0
41894.0	62480.0	3292.0	100424.0	42662.0
41935.0	62541.0	3295.0	100521.0	42703.0
41976.0	62602.0	3298.0	100618.0	42744.0
42017.0	62663.0	3301.0	100715.0	42785.0
42058.0	62724.0	3304.0	100812.0	42826.0
42099.0	62785.0	3307.0	100909.0	42867.0
42140.0	62846.0	3310.0	101006.0	42908.0
42181.0	62907.0	3313.0	101103.0	42949.0
42222.0	62968.0	3316.0	101200.0	42990.0
42263.0	63029.0	3319.0	101297.0	43031.0
42304.0	63090.0	3322.0	101394.0	43072.0
42345.0	63151.0	3325.0	101491.0	43113.0
42386.0	63212.0	3328.0	101588.0	43154.0
42427.0	63273.0	3331.0	101685.0	43195.0
42468.0	63334.0	3334.0	101782.0	43236.0
42509.0	63395.0	3337.0	101879.0	43277.0
42550.0	63456.0	3340.0	101976.0	43318.0
42591.0	63517.0	3343.0	102073.0	43359.0
42632.0	63578.0	3346.0	102170.0	43400.0
42673.0	63639.0	3349.0	102267.0	43441.0
42714.0	63700.0	3352.0	102364.0	43482.0
42755.0	63761.0	3355.0	102461.0	43523.0
42796.0	63822.0	3358.0	102558.0	43564.0
42837.0	63883.0	3361.0	102655.0	43605.0
42878.0	63944.0	3364.0	102752.0	43646.0
42919.0	64005.0	3367.0	102849.0	43687.0
42960.0	64066.0	3370.0	102946.0	43728.0
43001.0	64127.0	3373.0	103043.0	43769.0
43042.0	64188.0	3376.0	103140.0	43810.0
43083.0	64249.0	3379.0	103237.0	43851.0
43124.0	64310.0	3382.0	103334.0	43892.0
43165.0	64371.0	3385.0	103431.0	43933.0
43206.0	64432.0	3388.0	103528.0	43974.0
43247.0	64493.0	3391.0	103625.0	44015.0
43288.0	64554.0	3394.0	103722.0	44056.0
43329.0	64615.0	3397.0	103819.0	44097.0
43370.0	64676.0	3400.0	103916.0	44138.0
43411.0	64737.0	3403.0	104013.0	44179.0
43452.0	64798.0	3406.0	104110.0	44220.0
43493.0	64859.0	3409.0	104207.0	44261.0
43534.0	64920.0	3412.0	104304.0	44302.0
43575.0	64981.0	3415.0	104401.0	44343.0
43616.0	65042.0	3418.0	104498.0	44384.0
43657.0	65103.0	3421.0	104595.0	44425.0
43698.0	65164.0	3424.0	104692.0	44466.0
43739.0	65225.0	3427.0	104789.0	44507.0
43780.0	65286.0	3430.0	104886.0	44548.0
43821.0	65347.0	3433.0	104983.0	44589.0
43862.0	65408.0	3436.0	105080.0	44630.0
43903.0	65469.0	3439.0	105177.0	44671.0
43944.0	65530.0	3442.0	105274.0	44712.0
43985.0	65591.0	3445.0	105371.0	44753.0
44026.0	65652.0	3448.0	105468.0	44794.0
44067.0	65713.0	3451.0	105565.0	44835.0
44108.0	65774.0	3454.0	105662.0	44876.0
44149.0	65835.0	3457.0	105759.0	44917.0
44190.0	65896.0	3460.0	105856.0	44958.0
44231.0	65957.0	3463.0	105953.0	44999.0
44272.0	66018.0	3466.0	106050.0	45040.0
44313.0	66079.0	3469.0	106147.0	45081.0
44354.0	66140.0	3472.0	106244.0	45122.0
44395.0	66201.0	3475.0	106341.0	45163.0
44436.0	66262.0	3478.0	106438.0	45204.0
44477.0	66323.0	3481.0	106535.0	45245.0
44518.0	66384.0	3484.0	106632.0	45286.0
44559.0	66445.0	3487.0	106729.0	45327.0
44600.0	66506.0	3490.0	106826.0	45368.0
44641.0	66567.0	3493.0	106923.0	45409.0
44682.0	66628.0	3496.0	107020.0	45450.0
44723.0	66689.0	3499.0	107117.0	45491.0
44764.0	66750.0	3502.0	107214.0	45532.0
44805.0	66811.0	3505.0	107311.0	45573.0
44846.0	66872.0	3508.0	107408.0	45614.0
44887.0	66933.0	3511.0	107505.0	45655.0
44928.0	66994.0	3514.0	107602.0	45696.0
44969.0	67055.0	3517.0	107699.0	45737.0
45010.0	67116.0	3520.0	107796.0	45778.0
45051.0	67177.0	3523.0	107893.0	45819.0
45092.0	67238.0	3526.0	107990.0	45860.0
45133.0	67299.0	3529.0	108087.0	45901.0
45174.0	67360.0	3532.0	108184.0	45942.0
45215.0	67421.0	3535.0	108281.0	45983.0
45256.0	67482.0	3538.0	108378.0	46024.0
45297.0	67543.0	3541.0	108475.0	46065.0
45338.0	67604.0	3544.0	108572.0	46106.0
45379.0	67665.0	3547.0	108669.0	46147.0
45420.0	67726.0	3550.0	108766.0	46188.0
45461.0	67787.0	3553.0	108863.0	46229.0
45502.0	67848.0	3556.0	108960.0	46270.0
45543.0	67909.0	3559.0	109057.0	46311.0
45584.0	67970.0	3562.0	109154.0	46352.0
45625.0	68031.0	3565.0	109251.0	46393.0
45666.0	68092.0	3568.0	109348.0	46434.0
45707.0	68153.0	3571.0	109445.0	46475.0
45748.0	68214.0	3574.0	109542.0	46516.0
45789.0	68275.0	3577.0	109639.0	46557.0
45830.0	68336.0	3580.0	109736.0	46598.0
45871.0	68397.0	3583.0	109833.0	46639.0
45912.0	68458.0	3586.0	109930.0	46680.0
45953.0	68519.0	3589.0	110027.0	46721.0
45994.0	68580.0	3592.0	110124.0	46762.0
46035.0	68641.0	3595.0	110221.0	46803.0
46076.0	68702.0	3598.0	110318.0	46844.0
46117.0	68763.0	3601.0	110415.0	46885.0
46158.0	68824.0	3604.0	110512.0	46926.0
46199.0	68885.0	3607.0	110609.0	46967.0
46240.0	68946.0	3610.0	110706.0	47008.0
46281.0	69007.0	3613.0	110803.0	47049.0
46322.0	69068.0	3616.0	110900.0	47090.0
46363.0	69129.0	3619.0	110997.0	47131.0
46404.0	69190.0	3622.0	111094.0	47172.0
46445.0	69251.0	3625.0	111191.0	47213.0
46486.0	69312.0	3628.0	111288.0	47254.0
46527.0	69373.0	3631.0	111385.0	47295.0
46568.0	69434.0	3634.0	111482.0	47336.0
46609.0	69495.0	3637.0	111579.0	47377.0
46650.0	69556.0	3640.0	111676.0	47418.0
46691.0	69617.0	3643.0	111773.0	47459.0
46732.0	69678.0	3646.0	111870.0	47500.0
46773.0	69739.0	3649.0	111967.0	47541.0
46814.0	69800.0	3652.0	112064.0	47582.0
46855.0	69861.0	3655.0	112161.0	47623.0
46896.0	69922.0	3658.0	112258.0	47664.0
46937.0	69983.0	3661.0	112355.0	47705.0
46978.0	70044.0	3664.0	112452.0	47746.0
47019.0	70105.0	3667.0	112549.0	47787.0
47060.0	70166.0	3670.0	112646.0	47828.0
47101.0	70227.0	3673.0	112743.0	47869.0
47142.0	70288.0	3676.0	112840.0	47910.0
47183.0	70349.0	3679.0	112937.0	47951.0
47224.0	70410.0	3682.0	113034.0	47992.0
47265.0	70471.0	3685.0	113131.0	48033.0
47306.0	70532.0	3688.0	113228.0	48074.0
47347.0	70593.0	3691.0	113325.0	48115.0
47388.0	70654.0	3694.0	113422.0	48156.0
47429.0	70715.0	3697.0	113519.0	48197.0
47470.0	70776.0	3700.0	113616.0	48238.0
47511.0	70837.0	3703.0	113713.0	48279.0
47552.0	70898.0	3706.0	113810.0	48320.0
47593.0	70959.0	3709.0	113907.0	48361.0
47634.0	71020.0	3712.0	114004.0	48402.0
47675.0	71081.0	3715.0	114101.0	48443.0
47716.0	71142.0	3718.0	114198.0	48484.0
47757.0	71203.0	3721.0	114295.0	48525.0
47798.0	71264.0	3724.0	114392.0	48566.0
47839.0	71325.0	3727.0	114489.0	48607.0
47880.0	71386.0	3730.0	114586.0	48648.0
47921.0	71447.0	3733.0	114683.0	48689.0
47962.0	71508.0	3736.0	114780.0	48730.0
48003.0	71569.0	3739.0	114877.0	48771.0
48044.0	71630.0	3742.0	114974.0	48812.0
48085.0	71691.0	3745.0	115071.0	48853.0
48126.0	71752.0	3748.0	115168.0	48894.0
48167.0	71813.0	3751.0	115265.0	48935.0
48208.0	71874.0	3754.0	115362.0	48976.0
48249.0	71935.0	3757.0	115459.0	49017.0
48290.0	71996.0	3760.0	115556.0	49058.0
48331.0	72057.0	3763.0	115653.0	49099.0
48372.0	72118.0	3766.0	115750.0	49140.0
48413.0	72179.0	3769.0	115847.0	49181.0
48454.0	72240.0	3772.0	115944.0	49222.0
48495.0	72301.0	3775.0	116041.0	49263.0
48536.0	72362.0	3778.0	116138.0	49304.0
48577.0	72423.0	3781.0	116235.0	49345.0
48618.0	72484.0	3784.0	116332.0	49386.0
48659.0	72545.0	3787.0	116429.0	49427.0
48700.0	72606.0	3790.0	116526.0	49468.0
48741.0	72667.0	3793.0	116623.0	49509.0
48782.0	72728.0	3796.0	116720.0	49550.0
48823.0	72789.0	3799.0	116817.0	49591.0
48864.0	72850.0	3802.0	116914.0	49632.0
48905.0	72911.0	3805.0	117011.0	49673.0
48946.0	72972.0	3808.0	117108.0	49714.0
48987.0	73033.0	3811.0	117205.0	49755.0
49028.0	73094.0	3814.0	117302.0	49796.0
49069.0	73155.0	3817.0	117399.0	49837.0
49110.0	73216.0	3820.0	117496.0	49878.0
49151.0	73277.0	3823.0	117593.0	49919.0
49192.0	73338.0	3826.0	117690.0	49960.0
49233.0	73399.0	3826.0	117690.0	50001.0
49274.0	73460.0	3826.0	117690.0	50042.0
49315.0	73521.0	3826.0	117690.0	50083.0
49356.0	73582.0	3826.0	117690.0	50124.0
49397.0	73643.0	3826.0	117690.0	50165.0
49438.0	73704.0	3826.0	117690.0	50206.0
49479.0	73765.0	3826.0	117787.0	50247.0
49520.0	73826.0	3826.0	117884.0	50288.0
49561.0	73887.0	3826.0	117981.0	50329.0
49602.0	73948.0	3826.0	118078.0	50370.0
49643.0	74009.0	3826.0	118175.0	50411.0
49684.0	74070.0	3826.0	118272.0	50452.0
49725.0	74131.0	3826.0	118369.0	50493.0
49766.0	74192.0	3826.0	118466.0	50534.0
49807.0	74253.0	3826.0	118563.0	50575.0
49848.0	74314.0	3826.0	118660.0	50616.0
49889.0	74375.0	3826.0	118757.0	50657.0
49930.0	74436.0	3826.0	118854.0	50698.0
49971.0	74497.0	3826.0	118951.0	50739.0
50012.0	74558.0	3826.0	119048.0	50780.0
50053.0	74619.0	3826.0	119145.0	50821.0
50094.0	74680.0	3826.0	119242.0	50862.0
50135.0	74741.0	3826.0	119339.0	50903.0
50176.0	74802.0	3826.0	119436.0	50944.0
50217.0	74863.0	3826.0	119533.0	50985.0
50258.0	74924.0	3826.0	119630.0	51026.0
50299.0	74985.0	3826.0	119727.0	51067.0
50340.0	75046.0	3826.0	119824.0	51108.0
50381.0	75107.0	3826.0	119921.0	51149.0
50422.0	75168.0	3826.0	120018.0	51190.0
50463.0	75229.0	3826.0	120115.0	51231.0
50504.0	75290.0	3826.0	120212.0	51272.0
50545.0	75351.0	3826.0	120309.0	51313.0
50586.0	75412.0	3826.0	120406.0	51354.0
50627.0	75473.0	3826.0	120503.0	51395.0
50668.0	75534.0	3826.0	120600.0	51436.0
50709.0	75595.0	3826.0	120697.0	51477.0
50750.0	75656.0	3826.0	120794.0	51518.0
50791.0	75717.0	3826.0	120891.0	51559.0
50832.0	75778.0	3826.0	120988.0	51600.0
50873.0	75839.0	3826.0	121085.0	51641.0
50914.0	75900.0	3826.0	121182.0	51682.0
50955.0	75961.0	3826.0	121279.0	51723.0
50996.0	76022.0	3826.0	121376.0	51764.0
51037.0	76083.0	3826.0	121473.0	51805.0
51078.0	76144.0	3826.0	121570.0	51846.0
51119.0	76205.0	3826.0	121667.0	51887.0
51160.0	76266.0	3826.0	121764.0	51928.0
51201.0	76327.0	3826.0	121861.0	51969.0
51242.0	76388.0	3826.0	121958.0	52010.0
51283.0	76449.0	3826.0	122055.0	52051.0
51324.0	76510.0	3826.0	122152.0	52092.0
51365.0	76571.0	3826.0	122249.0	52133.0
51406.0	76632.0	3826.0	122346.0	52174.0
51447.0	76693.0	3826.0	122443.0	52215.0
51488.0	76754.0	3826.0	122540.0	52256.0
51529.0	76815.0	3826.0	122637.0	52297.0
51570.0	76876.0	3826.0	122734.0	52338.0
51611.0	76937.0	3826.0	122831.0	52379.0
51652.0	76998.0	3826.0	122928.0	52420.0
51693.0	77059.0	3826.0	123025.0	52461.0
51734.0	77120.0	3826.0	123122.0	52502.0
51775.0	77181.0	3826.0	123219.0	52543.0
51816.0	77242.0	3826.0	123316.0	52584.0
51857.0	77303.0	3826.0	123413.0	52625.0
51898.0	77364.0	3826.0	123510.0	52666.0
51939.0	77425.0	3826.0	123607.0	52707.0
51980.0	77486.0	3826.0	123704.0	52748.0
52021.0	77547.0	3826.0	123801.0	52789.0
52062.0	77608.0	3826.0	123898.0	52830.0
52103.0	77669.0	3826.0	123995.0	52871.0
52144.0	77730.0	3826.0	124092.0	52912.0
52185.0	77791.0	3826.0	124189.0	52953.0
52226.0	77852.0	3826.0	124286.0	52994.0
52267.0	77913.0	3826.0	124383.0	53035.0
52308.0	77974.0	3826.0	124480.0	53076.0
52349.0	78035.0	3826.0	124577.0	53117.0
52390.0	78096.0	3826.0	124674.0	53158.0
52431.0	78157.0	3826.0	124771.0	53199.0
52472.0	78218.0	3826.0	124868.0	53240.0
52513.0	78279.0	3826.0	124965.0	53281.0
52554.0	78340.0	3826.0	125062.0	53322.0
52595.0	78401.0	3826.0	125159.0	53363.0
52636.0	78462.0	3826.0	125256.0	53404.0
52677.0	78523.0	3826.0	125353.0	53445.0
52718.0	78584.0	3826.0	125450.0	53486.0
52759.0	78645.0	3826.0	125547.0	53527.0
52800.0	78706.0	3826.0	125644.0	53568.0
52841.0	78767.0	3826.0	125741.0	53609.0
52882.0	78828.0	3826.0	125838.0	53650.0
52923.0	78889.0	3826.0	125935.0	53691.0
52964.0	78950.0	3826.0	126032.0	53732.0
53005.0	79011.0	3826.0	126129.0	53773.0
53046.0	79072.0	3826.0	126226.0	53814.0
53087.0	79133.0	3826.0	126323.0	53855.0
53128.0	79194.0	3826.0	126420.0	53896.0
53169.0	79255.0	3826.0	126517.0	53937.0
53210.0	79316.0	3826.0	126614.0	53978.0
53251.0	79377.0	3826.0	126711.0	54019.0
53292.0	79438.0	3826.0	126808.0	54060.0
53333.0	79499.0	3826.0	126905.0	54101.0
53374.0	79560.0	3826.0	127002.0	54142.0
53415.0	79621.0	3826.0	127099.0	54183.0
53456.0	79682.0	3826.0	127196.0	54224.0
53497.0	79743.0	3826.0	127293.0	54265.0
53538.0	79804.0	3826.0	127390.0	54306.0
53579.0	79865.0	3826.0	127487.0	54347.0
53620.0	79926.0	3826.0	127584.0	54388.0
53661.0	79987.0	3826.0	127681.0	54429.0
53702.0	80048.0	3826.0	127778.0	54470.0
53743.0	80109.0	3826.0	127875.0	54511.0
53784.0	80170.0	3826.0	127972.0	54552.0
53825.0	80231.0	3826.0	128069.0	54593.0
53866.0	80292.0	3826.0	128166.0	54634.0
53907.0	80353.0	3826.0	128263.0	54675.0
53948.0	80414.0	3826.0	128360.0	54716.0
53989.0	80475.0	3826.0	128457.0	54757.0
54030.0	80536.0	3826.0	128554.0	54798.0
54071.0	80597.0	3826.0	128651.0	54839.0
54112.0	80658.0	3826.0	128748.0	54880.0
54153.0	80719.0	3826.0	128845.0	54921.0
54194.0	80780.0	3826.0	128942.0	54962.0
54235.0	80841.0	3826.0	129039.0	55003.0
54276.0	80902.0	3826.0	129136.0	55044.0
54317.0	80963.0	3826.0	129233.0	55085.0
54358.0	81024.0	3826.0	129330.0	55126.0
54399.0	81085.0	3826.0	129427.0	55167.0
54440.0	81146.0	3826.0	129524.0	55208.0
54481.0	81207.0	3826.0	129621.0	55249.0
54522.0	81268.0	3826.0	129718.0	55290.0
54563.0	81329.0	3826.0	129815.0	55331.0
54604.0	81390.0	3826.0	129912.0	55372.0
54645.0	81451.0	3826.0	130009.0	55413.0
54686.0	81512.0	3826.0	130106.0	55454.0
54727.0	81573.0	3826.0	130203.0	55495.0
54768.0	81634.0	3826.0	130300.0	55536.0
54809.0	81695.0	3826.0	130397.0	55577.0
54850.0	81756.0	3826.0	130494.0	55618.0
54891.0	81817.0	3826.0	130591.0	55659.0
54932.0	81878.0	3826.0	130688.0	55700.0
54973.0	81939.0	3826.0	130785.0	55741.0
55014.0	82000.0	3826.0	130882.0	55782.0
55055.0	82061.0	3826.0	130979.0	55823.0
55096.0	82122.0	3826.0	131076.0	55864.0
55137.0	82183.0	3826.0	131173.0	55905.0
55178.0	82244.0	3826.0	131270.0	55946.0
55219.0	82305.0	3826.0	131367.0	55987.0
55260.0	82366.0	3826.0	131464.0	56028.0
55301.0	82427.0	3826.0	131561.0	56069.0
55342.0	82488.0	3826.0	131658.0	56110.0
55383.0	82549.0	3826.0	131755.0	56151.0
55424.0	82610.0	3826.0	131852.0	56192.0
55465.0	82671.0	3826.0	131949.0	56233.0
55506.0	82732.0	3826.0	132046.0	56274.0
55547.0	82793.0	3826.0	132143.0	56315.0
55588.0	82854.0	3826.0	132240.0	56356.0
55629.0	82915.0	3826.0	132337.0	56397.0
55670.0	82976.0	3826.0	132434.0	56438.0
55711.0	83037.0	3826.0	132531.0	56479.0
55752.0	83098.0	3826.0	132628.0	56520.0
55793.0	83159.0	3826.0	132725.0	56561.0
55834.0	83220.0	3826.0	132822.0	56602.0
55875.0	83281.0	3826.0	132919.0	56643.0
55916.0	83342.0	3826.0	133016.0	56684.0
55957.0	83403.0	3826.0	133113.0	56725.0
55998.0	83464.0	3826.0	133210.0	56766.0
56039.0	83525.0	3826.0	133307.0	56807.0
56080.0	83586.0	3826.0	133404.0	56848.0
56121.0	83647.0	3826.0	133501.0	56889.0
56162.0	83708.0	3826.0	133598.0	56930.0
56203.0	83769.0	3826.0	133695.0	56971.0
56244.0	83830.0	3826.0	133792.0	57012.0
56285.0	83891.0	3826.0	133889.0	57053.0
56326.0	83952.0	3826.0	133986.0	57094.0
56367.0	84013.0	3826.0	134083.0	57135.0
56408.0	84074.0	3826.0	134180.0	57176.0
56449.0	84135.0	3826.0	134277.0	57217.0
56490.0	84196.0	3826.0	134374.0	57258.0
56531.0	84257.0	3826.0	134471.0	57299.0
56572.0	84318.0	3826.0	134568.0	57340.0
56613.0	84379.0	3826.0	134665.0	57381.0
56654.0	84440.0	3826.0	134762.0	57422.0
56695.0	84501.0	3826.0	134859.0	57463.0
56736.0	84562.0	3826.0	134956.0	57504.0
56777.0	84623.0	3826.0	135053.0	57545.0
56818.0	84684.0	3826.0	135150.0	57586.0
56859.0	84745.0	3826.0	135247.0	57627.0
56900.0	84806.0	3826.0	135344.0	57668.0
56941.0	84867.0	3826.0	135441.0	57709.0
56982.0	84928.0	3826.0	135538.0	57750.0
57023.0	84989.0	3826.0	135635.0	57791.0
57064.0	85050.0	3826.0	135732.0	57832.0
57105.0	85111.0	3826.0	135829.0	57873.0
57146.0	85172.0	3826.0	135926.0	57914.0
57187.0	85233.0	3826.0	136023.0	57955.0
57228.0	85294.0	3826.0	136120.0	57996.0
57269.0	85355.0	3826.0	136217.0	58037.0
57310.0	85416.0	3826.0	136314.0	58078.0
57351.0	85477.0	3826.0	136411.0	58119.0
57392.0	85538.0	3826.0	136508.0	58160.0
57433.0	85599.0	3826.0	136605.0	58201.0
57474.0	85660.0	3826.0	136702.0	58242.0
57515.0	85721.0	3826.0	136799.0	58283.0
57556.0	85782.0	3826.0	136896.0	58324.0
57597.0	85843.0	3826.0	136993.0	58365.0
57638.0	85904.0	3826.0	137090.0	58406.0
57679.0	85965.0	3826.0	137187.0	58447.0
57720.0	86026.0	3826.0	137284.0	58488.0
57761.0	86087.0	3826.0	137381.0	58529.0
57802.0	86148.0	3826.0	137478.0	58570.0
57843.0	86209.0	3826.0	137575.0	58611.0
57884.0	86270.0	3826.0	137672.0	58652.0
57925.0	86331.0	3826.0	137769.0	58693.0
57966.0	86392.0	3826.0	137866.0	58734.0
58007.0	86453.0	3826.0	137963.0	58775.0
58048.0	86514.0	3826.0	138060.0	58816.0
58089.0	86575.0	3826.0	138157.0	58857.0
58130.0	86636.0	3826.0	138254.0	58898.0
58171.0	86697.0	3826.0	138351.0	58939.0
58212.0	86758.0	3826.0	138448.0	58980.0
58253.0	86819.0	3826.0	138545.0	59021.0
58294.0	86880.0	3826.0	138642.0	59062.0
58335.0	86941.0	3826.0	138739.0	59103.0
58376.0	87002.0	3826.0	138836.0	59144.0
58417.0	87063.0	3826.0	138933.0	59185.0
58458.0	87124.0	3826.0	139030.0	59226.0
58499.0	87185.0	3826.0	139127.0	59267.0
58540.0	87246.0	3826.0	139224.0	59308.0
58581.0	87307.0	3826.0	139321.0	59349.0
58622.0	87368.0	3826.0	139418.0	59390.0
58663.0	87429.0	3826.0	139515.0	59431.0
58704.0	87490.0	3826.0	139612.0	59472.0
58745.0	87551.0	3826.0	139709.0	59513.0
58786.0	87612.0	3826.0	139806.0	59554.0
58827.0	87673.0	3826.0	139903.0	59595.0
58868.0	87734.0	3826.0	140000.0	59636.0
58909.0	87795.0	3826.0	140097.0	59677.0
58950.0	87856.0	3826.0	140194.0	59718.0
58991.0	87917.0	3826.0	140291.0	59759.0
59032.0	87978.0	3826.0	140388.0	59800.0
59073.0	88039.0	3826.0	140485.0	59841.0
59114.0	88100.0	3826.0	140582.0	59882.0
59155.0	88161.0	3826.0	140679.0	59923.0
59196.0	88222.0	3826.0	140776.0	59964.0
59237.0	88283.0	3826.0	140873.0	60005.0
59278.0	88344.0	3826.0	140970.0	60046.0
59319.0	88405.0	3826.0	141067.0	60087.0
59360.0	88466.0	3826.0	141164.0	60128.0
59401.0	88527.0	3826.0	141261.0	60169.0
59442.0	88588.0	3826.0	141358.0	60210.0
59483.0	88649.0	3826.0	141455.0	60251.0
59524.0	88710.0	3826.0	141552.0	60292.0
59565.0	88771.0	3826.0	141649.0	60333.0
59606.0	88832.0	3826.0	141746.0	60374.0
59647.0	88893.0	3826.0	141843.0	60415.0
59688.0	88954.0	3826.0	141940.0	60456.0
59729.0	89015.0	3826.0	142037.0	60497.0
59770.0	89076.0	3826.0	142134.0	60538.0
59811.0	89137.0	3826.0	142231.0	60579.0
59852.0	89198.0	3826.0	142328.0	60620.0
59893.0	89259.0	3826.0	142425.0	60661.0
59934.0	89320.0	3826.0	142522.0	60702.0
59975.0	89381.0	3826.0	142619.0	60743.0
60016.0	89442.0	3826.0	142716.0	60784.0
60057.0	89503.0	3826.0	142813.0	60825.0
60098.0	89564.0	3826.0	142910.0	60866.0
60139.0	89625.0	3826.0	143007.0	60907.0
60180.0	89686.0	3826.0	143104.0	60948.0
60221.0	89747.0	3826.0	143201.0	60989.0
60262.0	89808.0	3826.0	143298.0	61030.0
60303.0	89869.0	3826.0	143395.0	61071.0
60344.0	89930.0	3826.0	143492.0	61112.0
60385.0	89991.0	3826.0	143589.0	61153.0
60426.0	90052.0	3826.0	143686.0	61194.0
60467.0	90113.0	3826.0	143783.0	61235.0
60508.0	90174.0	3826.0	143880.0	61276.0
60549.0	90235.0	3826.0	143977.0	61317.0
60590.0	90296.0	3826.0	144074.0	61358.0
60631.0	90357.0	3826.0	144171.0	61399.0
60672.0	90418.0	3826.0	144268.0	61440.0
60713.0	90479.0	3826.0	144365.0	61481.0
60754.0	90540.0	3826.0	144462.0	61522.0
60795.0	90601.0	3826.0	144559.0	61563.0
60836.0	90662.0	3826.0	144656.0	61604.0
60877.0	90723.0	3826.0	144753.0	61645.0
60918.0	90784.0	3826.0	144850.0	61686.0
60959.0	90845.0	3826.0	144947.0	61727.0
61000.0	90906.0	3826.0	145044.0	61768.0
61041.0	90967.0	3826.0	145141.0	61809.0
61082.0	91028.0	3826.0	145238.0	61850.0
61123.0	91089.0	3826.0	145335.0	61891.0
61164.0	91150.0	3826.0	145432.0	61932.0
61205.0	91211.0	3826.0	145529.0	61973.0
61246.0	91272.0	3826.0	145626.0	62014.0
61287.0	91333.0	3826.0	145723.0	62055.0
61328.0	91394.0	3826.0	145820.0	62096.0
61369.0	91455.0	3826.0	145917.0	62137.0
61410.0	91516.0	3826.0	146014.0	62178.0
61451.0	91577.0	3826.0	146111.0	62219.0
61492.0	91638.0	3826.0	146208.0	62260.0
61533.0	91699.0	3826.0	146305.0	62301.0
61574.0	91760.0	3826.0	146402.0	62342.0
61615.0	91821.0	3826.0	146499.0	62383.0
61656.0	91882.0	3826.0	146596.0	62424.0
61697.0	91943.0	3826.0	146693.0	62465.0
61738.0	92004.0	3826.0	146790.0	62506.0
61779.0	92065.0	3826.0	146887.0	62547.0
61820.0	92126.0	3826.0	146984.0	62588.0
61861.0	92187.0	3826.0	147081.0	62629.0
61902.0	92248.0	3826.0	147178.0	62670.0
61943.0	92309.0	3826.0	147275.0	62711.0
61984.0	92370.0	3826.0	147372.0	62752.0
62025.0	92431.0	3826.0	147469.0	62793.0
62066.0	92492.0	3826.0	147566.0	62834.0
62107.0	92553.0	3826.0	147663.0	62875.0
62148.0	92614.0	3826.0	147760.0	62916.0
62189.0	92675.0	3826.0	147857.0	62957.0
62230.0	92736.0	3826.0	147954.0	62998.0
62271.0	92797.0	3826.0	148051.0	63039.0
62312.0	92858.0	3826.0	148148.0	63080.0
62353.0	92919.0	3826.0	148245.0	63121.0
62394.0	92980.0	3826.0	148342.0	63162.0
62435.0	93041.0	3826.0	148439.0	63203.0
62476.0	93102.0	3826.0	148536.0	63244.0
62517.0	93163.0	3826.0	148633.0	63285.0
62558.0	93224.0	3826.0	148730.0	63326.0
62599.0	93285.0	3826.0	148827.0	63367.0
62640.0	93346.0	3826.0	148924.0	63408.0
62681.0	93407.0	3826.0	149021.0	63449.0
62722.0	93468.0	3826.0	149118.0	63490.0
62763.0	93529.0	3826.0	149215.0	63531.0
62804.0	93590.0	3826.0	149312.0	63572.0
62845.0	93651.0	3826.0	149409.0	63613.0
62886.0	93712.0	3826.0	149506.0	63654.0
62927.0	93773.0	3826.0	149603.0	63695.0
62968.0	93834.0	3826.0	149700.0	63736.0
63009.0	93895.0	3826.0	149797.0	63777.0
63050.0	93956.0	3826.0	149894.0	63818.0
63091.0	94017.0	3826.0	149991.0	63859.0
63132.0	94078.0	3826.0	150088.0	63900.0
63173.0	94139.0	3826.0	150185.0	63941.0
63214.0	94200.0	3826.0	150282.0	63982.0
63255.0	94261.0	3826.0	150379.0	64023.0
63296.0	94322.0	3826.0	150476.0	64064.0
63337.0	94383.0	3826.0	150573.0	64105.0
63378.0	94444.0	3826.0	150670.0	64146.0
63419.0	94505.0	3826.0	150767.0	64187.0
63460.0	94566.0	3826.0	150864.0	64228.0
63501.0	94627.0	3826.0	150961.0	64269.0
63542.0	94688.0	3826.0	151058.0	64310.0
63583.0	94749.0	3826.0	151155.0	64351.0
63624.0	94810.0	3826.0	151252.0	64392.0
63665.0	94871.0	3826.0	151349.0	64433.0
63706.0	94932.0	3826.0	151446.0	64474.0
63747.0	94993.0	3826.0	151543.0	64515.0
63788.0	95054.0	3826.0	151640.0	64556.0
63829.0	95115.0	3826.0	151737.0	64597.0
63870.0	95176.0	3826.0	151834.0	64638.0
63911.0	95237.0	3826.0	151931.0	64679.0
63952.0	95298.0	3826.0	152028.0	64720.0
63993.0	95359.0	3826.0	152125.0	64761.0
64034.0	95420.0	3826.0	152222.0	64802.0
64075.0	95481.0	3826.0	152319.0	64843.0
64116.0	95542.0	3826.0	152416.0	64884.0
64157.0	95603.0	3826.0	152513.0	64925.0
64198.0	95664.0	3826.0	152610.0	64966.0
64239.0	95725.0	3826.0	152707.0	65007.0
64280.0	95786.0	3826.0	152804.0	65048.0
64321.0	95847.0	3826.0	152901.0	65089.0
64362.0	95908.0	3826.0	152998.0	65130.0
64403.0	95969.0	3826.0	153095.0	65171.0
64444.0	96030.0	3826.0	153192.0	65212.0
64485.0	96091.0	3826.0	153289.0	65253.0
64526.0	96152.0	3826.0	153386.0	65294.0
64567.0	96213.0	3826.0	153483.0	65335.0
64608.0	96274.0	3826.0	153580.0	65376.0
64649.0	96335.0	3826.0	153677.0	65417.0
64690.0	96396.0	3826.0	153774.0	65458.0
64731.0	96457.0	3826.0	153871.0	65499.0
64772.0	96518.0	3826.0	153968.0	65540.0
64813.0	96579.0	3826.0	154065.0	65581.0
64854.0	96640.0	3826.0	154162.0	65622.0
64895.0	96701.0	3826.0	154259.0	65663.0
64936.0	96762.0	3826.0	154356.0	65704.0
64977.0	96823.0	3826.0	154453.0	65745.0
65018.0	96884.0	3826.0	154550.0	65786.0
65059.0	96945.0	3826.0	154647.0	65827.0
65100.0	97006.0	3826.0	154744.0	65868.0
65141.0	97067.0	3826.0	154841.0	65909.0
65182.0	97128.0	3826.0	154938.0	65950.0
65223.0	97189.0	3826.0	155035.0	65991.0
65264.0	97250.0	3826.0	155132.0	66032.0
65305.0	97311.0	3826.0	155229.0	66073.0
65346.0	97372.0	3826.0	155326.0	66114.0
65387.0	97433.0	3826.0	155423.0	66155.0
65428.0	97494.0	3826.0	155520.0	66196.0
65469.0	97555.0	3826.0	155617.0	66237.0
65510.0	97616.0	3826.0	155714.0	66278.0
65551.0	97677.0	3826.0	155811.0	66319.0
65592.0	97738.0	3826.0	155908.0	66360.0
65633.0	97799.0	3829.0	156005.0	66401.0
65674.0	97860.0	3832.0	156102.0	66442.0
65715.0	97921.0	3835.0	156199.0	66483.0
65756.0	97982.0	3838.0	156296.0	66524.0
65797.0	98043.0	3841.0	156393.0	66565.0
65838.0	98104.0	3844.0	156490.0	66606.0
65879.0	98165.0	3847.0	156587.0	66647.0
65920.0	98226.0	3850.0	156684.0	66688.0
65961.0	98287.0	3853.0	156781.0	66729.0
66002.0	98348.0	3856.0	156878.0	66770.0
66043.0	98409.0	3859.0	156975.0	66811.0
66084.0	98470.0	3862.0	157072.0	66852.0
66125.0	98531.0	3865.0	157169.0	66893.0
66166.0	98592.0	3868.0	157266.0	66934.0
66207.0	98653.0	3871.0	157363.0	66975.0
66248.0	98714.0	3874.0	157460.0	67016.0
66289.0	98775.0	3877.0	157557.0	67057.0
66330.0	98836.0	3880.0	157654.0	67098.0
66371.0	98897.0	3883.0	157751.0	67139.0
66412.0	98958.0	3886.0	157848.0	67180.0
66453.0	99019.0	3889.0	157945.0	67221.0
66494.0	99080.0	3892.0	158042.0	67262.0
66535.0	99141.0	3895.0	158139.0	67303.0
66576.0	99202.0	3898.0	158236.0	67344.0
66617.0	99263.0	3901.0	158333.0	67385.0
66658.0	99324.0	3904.0	158430.0	67426.0
66699.0	99385.0	3907.0	158527.0	67467.0
66740.0	99446.0	3910.0	158624.0	67508.0
66781.0	99507.0	3913.0	158721.0	67549.0
66822.0	99568.0	3916.0	158818.0	67590.0
66863.0	99629.0	3919.0	158915.0	67631.0
66904.0	99690.0	3922.0	159012.0	67672.0
66945.0	99751.0	3925.0	159109.0	67713.0
66945.0	99812.0	3928.0	159206.0	67754.0
66945.0	99873.0	3931.0	159303.0	67795.0
66945.0	99934.0	3934.0	159400.0	67836.0
66945.0	99995.0	3937.0	159497.0	67877.0
66945.0	100056.0	3940.0	159594.0	67918.0
66945.0	100117.0	3943.0	159691.0	67959.0
66945.0	100178.0	3946.0	159788.0	68000.0
66945.0	100239.0	3949.0	159885.0	68041.0
66945.0	100300.0	3952.0	159982.0	68082.0
66986.0	100361.0	3955.0	160079.0	68123.0
67027.0	100422.0	3958.0	160176.0	68164.0
67068.0	100483.0	3961.0	160273.0	68205.0
67109.0	100544.0	3964.0	160370.0	68246.0
67150.0	100605.0	3967.0	160467.0	68287.0
67191.0	100666.0	3970.0	160564.0	68328.0
67232.0	100727.0	3973.0	160661.0	68369.0
67273.0	100788.0	3976.0	160758.0	68410.0
67314.0	100849.0	3979.0	160855.0	68451.0
67355.0	100910.0	3982.0	160952.0	68492.0
67396.0	100971.0	3985.0	161049.0	68533.0
67437.0	101032.0	3988.0	161146.0	68574.0
67478.0	101093.0	3991.0	161243.0	68615.0
67519.0	101154.0	3994.0	161340.0	68656.0
67560.0	101215.0	3997.0	161437.0	68697.0
67601.0	101276.0	4000.0	161534.0	68738.0
67642.0	101337.0	4003.0	161631.0	68779.0
67683.0	101398.0	4006.0	161728.0	68820.0
67724.0	101459.0	4009.0	161825.0	68861.0
67765.0	101520.0	4012.0	161922.0	68902.0
67806.0	101581.0	4015.0	162019.0	68943.0
67847.0	101642.0	4018.0	162116.0	68984.0
67888.0	101703.0	4021.0	162213.0	69025.0
67929.0	101764.0	4024.0	162310.0	69066.0
67970.0	101825.0	4027.0	162407.0	69107.0
68011.0	101886.0	4030.0	162504.0	69148.0
68052.0	101947.0	4033.0	162601.0	69189.0
68093.0	102008.0	4036.0	162698.0	69230.0
68134.0	102069.0	4039.0	162795.0	69271.0
68175.0	102130.0	4042.0	162892.0	69312.0
68216.0	102191.0	4045.0	162989.0	69353.0
68257.0	102252.0	4048.0	163086.0	69394.0
68298.0	102313.0	4051.0	163183.0	69435.0
68339.0	102374.0	4054.0	163280.0	69476.0
68380.0	102435.0	4057.0	163377.0	69517.0
68421.0	102496.0	4060.0	163474.0	69558.0
68462.0	102557.0	4063.0	163571.0	69599.0
68503.0	102618.0	4066.0	163668.0	69640.0
68544.0	102679.0	4069.0	163765.0	69681.0
68585.0	102740.0	4072.0	163862.0	69722.0
68626.0	102801.0	4075.0	163959.0	69763.0
68667.0	102862.0	4078.0	164056.0	69804.0
68708.0	102923.0	4081.0	164153.0	69845.0
68749.0	102984.0	4084.0	164250.0	69886.0
68790.0	103045.0	4087.0	164347.0	69927.0
68831.0	103106.0	4090.0	164444.0	69968.0
68872.0	103167.0	4093.0	164541.0	70009.0
68913.0	103228.0	4096.0	164638.0	70050.0
68954.0	103289.0	4099.0	164735.0	70091.0
68995.0	103350.0	4102.0	164832.0	70132.0
69036.0	103411.0	4105.0	164929.0	70173.0
69077.0	103472.0	4108.0	165026.0	70214.0
69118.0	103533.0	4111.0	165123.0	70255.0
69159.0	103594.0	4114.0	165220.0	70296.0
69200.0	103655.0	4117.0	165317.0	70337.0
69241.0	103716.0	4120.0	165414.0	70378.0
69282.0	103777.0	4123.0	165511.0	70419.0
69323.0	103838.0	4126.0	165608.0	70460.0
69364.0	103899.0	4129.0	165705.0	70501.0
69405.0	103960.0	4132.0	165802.0	70542.0
69446.0	104021.0	4135.0	165899.0	70583.0
69487.0	104082.0	4138.0	165996.0	70624.0
69528.0	104143.0	4141.0	166093.0	70665.0
69569.0	104204.0	4144.0	166190.0	70706.0
69610.0	104265.0	4147.0	166287.0	70747.0
69651.0	104326.0	4150.0	166384.0	70788.0
69692.0	104387.0	4153.0	166481.0	70829.0
69733.0	104448.0	4156.0	166578.0	70870.0
69774.0	104509.0	4159.0	166675.0	70911.0
69815.0	104570.0	4162.0	166772.0	70952.0
69856.0	104631.0	4165.0	166869.0	70993.0
69897.0	104692.0	4168.0	166966.0	71034.0
69938.0	104753.0	4171.0	167063.0	71075.0
69979.0	104814.0	4174.0	167160.0	71116.0
70020.0	104875.0	4177.0	167257.0	71157.0
70061.0	104936.0	4180.0	167354.0	71198.0
70102.0	104997.0	4183.0	167451.0	71239.0
70143.0	105058.0	4186.0	167548.0	71280.0
70184.0	105119.0	4189.0	167645.0	71321.0
70225.0	105180.0	4192.0	167742.0	71362.0
70266.0	105241.0	4195.0	167839.0	71403.0
70307.0	105302.0	4198.0	167936.0	71444.0
70348.0	105363.0	4201.0	168033.0	71485.0
70389.0	105424.0	4204.0	168130.0	71526.0
70430.0	105485.0	4207.0	168227.0	71567.0
70471.0	105546.0	4210.0	168324.0	71608.0
70512.0	105607.0	4213.0	168421.0	71649.0
70553.0	105668.0	4216.0	168518.0	71690.0
70594.0	105729.0	4219.0	168615.0	71731.0
70635.0	105790.0	4222.0	168712.0	71772.0
70676.0	105851.0	4225.0	168809.0	71813.0
70717.0	105912.0	4228.0	168906.0	71854.0
70758.0	105973.0	4231.0	169003.0	71895.0
70799.0	106034.0	4234.0	169100.0	71936.0
70840.0	106095.0	4237.0	169197.0	71977.0
70881.0	106156.0	4240.0	169294.0	72018.0
70922.0	106217.0	4243.0	169391.0	72059.0
70963.0	106278.0	4246.0	169488.0	72100.0
71004.0	106339.0	4249.0	169585.0	72141.0
71045.0	106400.0	4252.0	169682.0	72182.0
71086.0	106461.0	4255.0	169779.0	72223.0
71127.0	106522.0	4258.0	169876.0	72264.0
71168.0	106583.0	4261.0	169973.0	72305.0
71209.0	106644.0	4264.0	170070.0	72346.0
71250.0	106705.0	4267.0	170167.0	72387.0
71291.0	106766.0	4270.0	170264.0	72428.0
71332.0	106827.0	4273.0	170361.0	72469.0
71373.0	106888.0	4276.0	170458.0	72510.0
71414.0	106949.0	4279.0	170555.0	72551.0
71455.0	107010.0	4282.0	170652.0	72592.0
71496.0	107071.0	4285.0	170749.0	72633.0
71537.0	107132.0	4288.0	170846.0	72674.0
71578.0	107193.0	4291.0	170943.0	72715.0
71619.0	107254.0	4294.0	171040.0	72756.0
71660.0	107315.0	4297.0	171137.0	72797.0
71701.0	107376.0	4300.0	171234.0	72838.0
71742.0	107437.0	4303.0	171331.0	72879.0
71783.0	107498.0	4306.0	171428.0	72920.0
71824.0	107559.0	4309.0	171525.0	72961.0
71865.0	107620.0	4312.0	171622.0	73002.0
71906.0	107681.0	4315.0	171719.0	73043.0
71947.0	107742.0	4318.0	171816.0	73084.0
71988.0	107803.0	4321.0	171913.0	73125.0
72029.0	107864.0	4324.0	172010.0	73166.0
72070.0	107925.0	4327.0	172107.0	73207.0
72111.0	107986.0	4330.0	172204.0	73248.0
72152.0	108047.0	4333.0	172301.0	73289.0
72193.0	108108.0	4336.0	172398.0	73330.0
72234.0	108169.0	4339.0	172495.0	73371.0
72275.0	108230.0	4342.0	172592.0	73412.0
72316.0	108291.0	4345.0	172689.0	73453.0
72357.0	108352.0	4348.0	172786.0	73494.0
72398.0	108413.0	4351.0	172883.0	73535.0
72439.0	108474.0	4354.0	172980.0	73576.0
72480.0	108535.0	4357.0	173077.0	73617.0
72521.0	108596.0	4360.0	173174.0	73658.0
72562.0	108657.0	4363.0	173271.0	73699.0
72603.0	108718.0	4366.0	173368.0	73740.0
72644.0	108779.0	4369.0	173465.0	73781.0
72685.0	108840.0	4372.0	173562.0	73822.0
72726.0	108901.0	4375.0	173659.0	73863.0
72767.0	108962.0	4378.0	173756.0	73904.0
72808.0	109023.0	4381.0	173853.0	73945.0
72849.0	109084.0	4384.0	173950.0	73986.0
72890.0	109145.0	4387.0	174047.0	74027.0
72931.0	109206.0	4390.0	174144.0	74068.0
72972.0	109267.0	4393.0	174241.0	74109.0
73013.0	109328.0	4396.0	174338.0	74150.0
73054.0	109389.0	4399.0	174435.0	74191.0
73095.0	109450.0	4402.0	174532.0	74232.0
73136.0	109511.0	4405.0	174629.0	74273.0
73177.0	109572.0	4408.0	174726.0	74314.0
73218.0	109633.0	4411.0	174823.0	74355.0
73259.0	109694.0	4414.0	174920.0	74396.0
73300.0	109755.0	4417.0	175017.0	74437.0
73341.0	109816.0	4420.0	175114.0	74478.0
73382.0	109877.0	4423.0	175211.0	74519.0
73423.0	109938.0	4426.0	175308.0	74560.0
73464.0	109999.0	4429.0	175405.0	74601.0
73505.0	110060.0	4432.0	175502.0	74642.0
73546.0	110121.0	4435.0	175599.0	74683.0
73587.0	110182.0	4438.0	175696.0	74724.0
73628.0	110243.0	4441.0	175793.0	74765.0
73669.0	110304.0	4444.0	175890.0	74806.0
73710.0	110365.0	4447.0	175987.0	74847.0
73751.0	110426.0	4450.0	176084.0	74888.0
73792.0	110487.0	4453.0	176181.0	74929.0
73833.0	110548.0	4456.0	176278.0	74970.0
73874.0	110609.0	4459.0	176375.0	75011.0
73915.0	110670.0	4462.0	176472.0	75052.0
73956.0	110731.0	4465.0	176569.0	75093.0
73997.0	110792.0	4468.0	176666.0	75134.0
74038.0	110853.0	4471.0	176763.0	75175.0
74079.0	110914.0	4474.0	176860.0	75216.0
74120.0	110975.0	4477.0	176957.0	75257.0
74161.0	111036.0	4480.0	177054.0	75298.0
74202.0	111097.0	4483.0	177151.0	75339.0
74243.0	111158.0	4486.0	177248.0	75380.0
74284.0	111219.0	4489.0	177345.0	75421.0
74325.0	111280.0	4492.0	177442.0	75462.0
74366.0	111341.0	4495.0	177539.0	75503.0
74407.0	111402.0	4498.0	177636.0	75544.0
74448.0	111463.0	4501.0	177733.0	75585.0
74489.0	111524.0	4504.0	177830.0	75626.0
74530.0	111585.0	4507.0	177927.0	75667.0
74571.0	111646.0	4510.0	178024.0	75708.0
74612.0	111707.0	4513.0	178121.0	75749.0
74653.0	111768.0	4516.0	178218.0	75790.0
74694.0	111829.0	4519.0	178315.0	75831.0
74735.0	111890.0	4522.0	178412.0	75872.0
74776.0	111951.0	4525.0	178509.0	75913.0
74817.0	112012.0	4528.0	178606.0	75954.0
74858.0	112073.0	4531.0	178703.0	75995.0
74899.0	112134.0	4534.0	178800.0	76036.0
74940.0	112195.0	4537.0	178897.0	76077.0
74981.0	112256.0	4540.0	178994.0	76118.0
75022.0	112317.0	4543.0	179091.0	76159.0
75063.0	112378.0	4546.0	179188.0	76200.0
75104.0	112439.0	4549.0	179285.0	76241.0
75145.0	112500.0	4552.0	179382.0	76282.0
75186.0	112561.0	4555.0	179479.0	76323.0
75227.0	112622.0	4558.0	179576.0	76364.0
75268.0	112683.0	4561.0	179673.0	76405.0
75309.0	112744.0	4564.0	179770.0	76446.0
75350.0	112805.0	4567.0	179867.0	76487.0
75391.0	112866.0	4570.0	179964.0	76528.0
75432.0	112927.0	4573.0	180061.0	76569.0
75473.0	112988.0	4576.0	180158.0	76610.0
75514.0	113049.0	4579.0	180255.0	76651.0
75555.0	113110.0	4582.0	180352.0	76692.0
75596.0	113171.0	4585.0	180449.0	76733.0
75637.0	113232.0	4588.0	180546.0	76774.0
75678.0	113293.0	4591.0	180643.0	76815.0
75719.0	113354.0	4594.0	180740.0	76856.0
75760.0	113415.0	4597.0	180837.0	76897.0
75801.0	113476.0	4600.0	180934.0	76938.0
75842.0	113537.0	4603.0	181031.0	76979.0
75883.0	113598.0	4606.0	181128.0	77020.0
75924.0	113659.0	4609.0	181225.0	77061.0
75965.0	113720.0	4612.0	181322.0	77102.0
76006.0	113781.0	4615.0	181419.0	77143.0
76047.0	113842.0	4618.0	181516.0	77184.0
76088.0	113903.0	4621.0	181613.0	77225.0
76129.0	113964.0	4624.0	181710.0	77266.0
76170.0	114025.0	4627.0	181807.0	77307.0
76211.0	114086.0	4630.0	181904.0	77348.0
76252.0	114147.0	4633.0	182001.0	77389.0
76293.0	114208.0	4636.0	182098.0	77430.0
76334.0	114269.0	4639.0	182195.0	77471.0
76375.0	114330.0	4642.0	182292.0	77512.0
76416.0	114391.0	4645.0	182389.0	77553.0
76457.0	114452.0	4648.0	182486.0	77594.0
76498.0	114513.0	4651.0	182583.0	77635.0
76539.0	114574.0	4654.0	182680.0	77676.0
76580.0	114635.0	4657.0	182777.0	77717.0
76621.0	114696.0	4660.0	182874.0	77758.0
76662.0	114757.0	4663.0	182971.0	77799.0
76703.0	114818.0	4666.0	183068.0	77840.0
76744.0	114879.0	4669.0	183165.0	77881.0
76785.0	114940.0	4672.0	183262.0	77922.0
76826.0	115001.0	4675.0	183359.0	77963.0
76867.0	115062.0	4678.0	183456.0	78004.0
76908.0	115123.0	4681.0	183553.0	78045.0
76949.0	115184.0	4684.0	183650.0	78086.0
76990.0	115245.0	4687.0	183747.0	78127.0
77031.0	115306.0	4690.0	183844.0	78168.0
77072.0	115367.0	4693.0	183941.0	78209.0
77113.0	115428.0	4696.0	184038.0	78250.0
77154.0	115489.0	4699.0	184135.0	78291.0
77195.0	115550.0	4702.0	184232.0	78332.0
77236.0	115611.0	4705.0	184329.0	78373.0
77277.0	115672.0	4708.0	184426.0	78414.0
77318.0	115733.0	4711.0	184523.0	78455.0
77359.0	115794.0	4714.0	184620.0	78496.0
77400.0	115855.0	4717.0	184717.0	78537.0
77441.0	115916.0	4720.0	184814.0	78578.0
77482.0	115977.0	4723.0	184911.0	78619.0
77523.0	116038.0	4726.0	185008.0	78660.0
77564.0	116099.0	4729.0	185105.0	78701.0
77605.0	116160.0	4732.0	185202.0	78742.0
77646.0	116221.0	4735.0	185299.0	78783.0
77687.0	116282.0	4738.0	185396.0	78824.0
77728.0	116343.0	4741.0	185493.0	78865.0
77769.0	116404.0	4744.0	185590.0	78906.0
77810.0	116465.0	4747.0	185687.0	78947.0
77851.0	116526.0	4750.0	185784.0	78988.0
77892.0	116587.0	4753.0	185881.0	79029.0
77933.0	116648.0	4756.0	185978.0	79070.0
77974.0	116709.0	4759.0	186075.0	79111.0
78015.0	116770.0	4762.0	186172.0	79152.0
78056.0	116831.0	4765.0	186269.0	79193.0
78097.0	116892.0	4768.0	186366.0	79234.0
78138.0	116953.0	4771.0	186463.0	79275.0
78179.0	117014.0	4774.0	186560.0	79316.0
78220.0	117075.0	4777.0	186657.0	79357.0
78261.0	117136.0	4780.0	186754.0	79398.0
78302.0	117197.0	4783.0	186851.0	79439.0
78343.0	117258.0	4786.0	186948.0	79480.0
78384.0	117319.0	4789.0	187045.0	79521.0
78425.0	117380.0	4792.0	187142.0	79562.0
78466.0	117441.0	4795.0	187239.0	79603.0
78507.0	117502.0	4798.0	187336.0	79644.0
78548.0	117563.0	4801.0	187433.0	79685.0
78589.0	117624.0	4804.0	187530.0	79726.0
78630.0	117685.0	4807.0	187627.0	79767.0
78671.0	117746.0	4810.0	187724.0	79808.0
78712.0	117807.0	4813.0	187821.0	79849.0
78753.0	117868.0	4816.0	187918.0	79890.0
78794.0	117929.0	4819.0	188015.0	79931.0
78835.0	117990.0	4822.0	188112.0	79972.0
78876.0	118051.0	4825.0	188209.0	80013.0
78917.0	118112.0	4828.0	188306.0	80054.0
78958.0	118173.0	4831.0	188403.0	80095.0
78999.0	118234.0	4834.0	188500.0	80136.0
79040.0	118295.0	4837.0	188597.0	80177.0
79081.0	118356.0	4840.0	188694.0	80218.0
79122.0	118417.0	4843.0	188791.0	80259.0
79163.0	118478.0	4846.0	188888.0	80300.0
79204.0	118539.0	4849.0	188985.0	80341.0
79245.0	118600.0	4852.0	189082.0	80382.0
79286.0	118661.0	4855.0	189179.0	80423.0
79327.0	118722.0	4858.0	189276.0	80464.0
79368.0	118783.0	4861.0	189373.0	80505.0
79409.0	118844.0	4864.0	189470.0	80546.0
79450.0	118905.0	4867.0	189567.0	80587.0
79491.0	118966.0	4870.0	189664.0	80628.0
79532.0	119027.0	4873.0	189761.0	80669.0
79573.0	119088.0	4876.0	189858.0	80710.0
79614.0	119149.0	4879.0	189955.0	80751.0
79655.0	119210.0	4882.0	190052.0	80792.0
79696.0	119271.0	4885.0	190149.0	80833.0
79737.0	119332.0	4888.0	190246.0	80874.0
79778.0	119393.0	4891.0	190343.0	80915.0
79819.0	119454.0	4894.0	190440.0	80956.0
79860.0	119515.0	4897.0	190537.0	80997.0
79901.0	119576.0	4900.0	190634.0	81038.0
79942.0	119637.0	4903.0	190731.0	81079.0
79983.0	119698.0	4906.0	190828.0	81120.0
80024.0	119759.0	4909.0	190925.0	81161.0
80065.0	119820.0	4912.0	191022.0	81202.0
80106.0	119881.0	4915.0	191119.0	81243.0
80147.0	119942.0	4918.0	191216.0	81284.0
80188.0	120003.0	4921.0	191313.0	81325.0
80229.0	120064.0	4924.0	191410.0	81366.0
80270.0	120125.0	4927.0	191507.0	81407.0
80311.0	120186.0	4930.0	191604.0	81448.0
80352.0	120247.0	4933.0	191701.0	81489.0
80393.0	120308.0	4936.0	191798.0	81530.0
80434.0	120369.0	4939.0	191895.0	81571.0
80475.0	120430.0	4942.0	191992.0	81612.0
80516.0	120491.0	4945.0	192089.0	81653.0
80557.0	120552.0	4948.0	192186.0	81694.0
80598.0	120613.0	4951.0	192283.0	81735.0
80639.0	120674.0	4954.0	192380.0	81776.0
80680.0	120735.0	4957.0	192477.0	81817.0
80721.0	120796.0	4960.0	192574.0	81858.0
80762.0	120857.0	4963.0	192671.0	81899.0
80803.0	120918.0	4966.0	192768.0	81940.0
80844.0	120979.0	4969.0	192865.0	81981.0
80885.0	121040.0	4972.0	192962.0	82022.0
80926.0	121101.0	4975.0	193059.0	82063.0
80967.0	121162.0	4978.0	193156.0	82104.0
81008.0	121223.0	4981.0	193253.0	82145.0
81049.0	121284.0	4984.0	193350.0	82186.0
81090.0	121345.0	4987.0	193447.0	82227.0
81131.0	121406.0	4990.0	193544.0	82268.0
81172.0	121467.0	4993.0	193641.0	82309.0
81213.0	121528.0	4996.0	193738.0	82350.0
81254.0	121589.0	4999.0	193835.0	82391.0
81295.0	121650.0	5002.0	193932.0	82432.0
81336.0	121711.0	5005.0	194029.0	82473.0
81377.0	121772.0	5008.0	194126.0	82514.0
81418.0	121833.0	5011.0	194223.0	82555.0
81459.0	121894.0	5014.0	194320.0	82596.0
81500.0	121955.0	5017.0	194417.0	82637.0
81541.0	122016.0	5020.0	194514.0	82678.0
81582.0	122077.0	5023.0	194611.0	82719.0
81623.0	122138.0	5026.0	194708.0	82760.0
81664.0	122199.0	5029.0	194805.0	82801.0
81705.0	122260.0	5032.0	194902.0	82842.0
81746.0	122321.0	5035.0	194999.0	82883.0
81787.0	122382.0	5038.0	195096.0	82924.0
81828.0	122443.0	5041.0	195193.0	82965.0
81869.0	122504.0	5044.0	195290.0	83006.0
81910.0	122565.0	5047.0	195387.0	83047.0
81951.0	122626.0	5050.0	195484.0	83088.0
81992.0	122687.0	5053.0	195581.0	83129.0
82033.0	122748.0	5056.0	195678.0	83170.0
82074.0	122809.0	5059.0	195775.0	83211.0
82115.0	122870.0	5062.0	195872.0	83252.0
82156.0	122931.0	5065.0	195969.0	83293.0
82197.0	122992.0	5068.0	196066.0	83334.0
82238.0	123053.0	5071.0	196163.0	83375.0
82279.0	123114.0	5074.0	196260.0	83416.0
82320.0	123175.0	5077.0	196357.0	83457.0
82361.0	123236.0	5080.0	196454.0	83498.0
82402.0	123297.0	5083.0	196551.0	83539.0
82443.0	123358.0	5086.0	196648.0	83580.0
82484.0	123419.0	5089.0	196745.0	83621.0
82525.0	123480.0	5092.0	196842.0	83662.0
82566.0	123541.0	5095.0	196939.0	83703.0
82607.0	123602.0	5098.0	197036.0	83744.0
82648.0	123663.0	5101.0	197133.0	83785.0
82689.0	123724.0	5104.0	197230.0	83826.0
82730.0	123785.0	5107.0	197327.0	83867.0
82771.0	123846.0	5110.0	197424.0	83908.0
82812.0	123907.0	5113.0	197521.0	83949.0
82853.0	123968.0	5116.0	197618.0	83990.0
82894.0	124029.0	5119.0	197715.0	84031.0
82935.0	124090.0	5122.0	197812.0	84072.0
82976.0	124151.0	5125.0	197909.0	84113.0
83017.0	124212.0	5128.0	198006.0	84154.0
83058.0	124273.0	5131.0	198103.0	84195.0
83099.0	124334.0	5134.0	198200.0	84236.0
83140.0	124395.0	5137.0	198297.0	84277.0
83181.0	124456.0	5140.0	198394.0	84318.0
83222.0	124517.0	5143.0	198491.0	84359.0
83263.0	124578.0	5146.0	198588.0	84400.0
83304.0	124639.0	5149.0	198685.0	84441.0
83345.0	124700.0	5152.0	198782.0	84482.0
83386.0	124761.0	5155.0	198879.0	84523.0
83427.0	124822.0	5158.0	198976.0	84564.0
83468.0	124883.0	5161.0	199073.0	84605.0
83509.0	124944.0	5164.0	199170.0	84646.0
83550.0	125005.0	5167.0	199267.0	84687.0
83591.0	125066.0	5170.0	199364.0	84728.0
83632.0	125127.0	5173.0	199461.0	84769.0
83673.0	125188.0	5176.0	199558.0	84810.0
83714.0	125249.0	5179.0	199655.0	84851.0
83755.0	125310.0	5182.0	199752.0	84892.0
83796.0	125371.0	5185.0	199849.0	84933.0
83837.0	125432.0	5188.0	199946.0	84974.0
83878.0	125493.0	5191.0	200043.0	85015.0
83919.0	125554.0	5194.0	200140.0	85056.0
83960.0	125615.0	5197.0	200237.0	85097.0
84001.0	125676.0	5200.0	200334.0	85138.0
84042.0	125737.0	5203.0	200431.0	85179.0
84083.0	125798.0	5206.0	200528.0	85220.0
84124.0	125859.0	5209.0	200625.0	85261.0
84165.0	125920.0	5212.0	200722.0	85302.0
84206.0	125981.0	5215.0	200819.0	85343.0
84247.0	126042.0	5218.0	200916.0	85384.0
84288.0	126103.0	5221.0	201013.0	85425.0
84329.0	126164.0	5224.0	201110.0	85466.0
84370.0	126225.0	5227.0	201207.0	85507.0
84411.0	126286.0	5230.0	201304.0	85548.0
84452.0	126347.0	5233.0	201401.0	85589.0
84493.0	126408.0	5236.0	201498.0	85630.0
84534.0	126469.0	5239.0	201595.0	85671.0
84575.0	126530.0	5242.0	201692.0	85712.0
84616.0	126591.0	5245.0	201789.0	85753.0
84657.0	126652.0	5248.0	201886.0	85794.0
84698.0	126713.0	5251.0	201983.0	85835.0
84739.0	126774.0	5254.0	202080.0	85876.0
84780.0	126835.0	5257.0	202177.0	85917.0
84821.0	126896.0	5260.0	202274.0	85958.0
84862.0	126957.0	5263.0	202371.0	85999.0
84903.0	127018.0	5266.0	202468.0	86040.0
84944.0	127079.0	5269.0	202565.0	86081.0
84985.0	127140.0	5272.0	202662.0	86122.0
85026.0	127201.0	5275.0	202759.0	86163.0
85067.0	127262.0	5278.0	202856.0	86204.0
85108.0	127323.0	5281.0	202953.0	86245.0
85149.0	127384.0	5284.0	203050.0	86286.0
85190.0	127445.0	5287.0	203147.0	86327.0
85231.0	127506.0	5290.0	203244.0	86368.0
85272.0	127567.0	5293.0	203341.0	86409.0
85313.0	127628.0	5296.0	203438.0	86450.0
85354.0	127689.0	5299.0	203535.0	86491.0
85395.0	127750.0	5302.0	203632.0	86532.0
85436.0	127811.0	5305.0	203729.0	86573.0
85477.0	127872.0	5308.0	203826.0	86614.0
85518.0	127933.0	5311.0	203923.0	86655.0
85559.0	127994.0	5314.0	204020.0	86696.0
85600.0	128055.0	5317.0	204117.0	86737.0
85641.0	128116.0	5320.0	204214.0	86778.0
85682.0	128177.0	5323.0	204311.0	86819.0
85723.0	128238.0	5326.0	204408.0	86860.0
85764.0	128299.0	5329.0	204505.0	86901.0
85805.0	128360.0	5332.0	204602.0	86942.0
85846.0	128421.0	5335.0	204699.0	86983.0
85887.0	128482.0	5338.0	204796.0	87024.0
85928.0	128543.0	5341.0	204893.0	87065.0
85969.0	128604.0	5344.0	204990.0	87106.0
86010.0	128665.0	5347.0	205087.0	87147.0
86051.0	128726.0	5350.0	205184.0	87188.0
86092.0	128787.0	5353.0	205281.0	87229.0
86133.0	128848.0	5356.0	205378.0	87270.0
86174.0	128909.0	5359.0	205475.0	87311.0
86215.0	128970.0	5362.0	205572.0	87352.0
86256.0	129031.0	5365.0	205669.0	87393.0
86297.0	129092.0	5368.0	205766.0	87434.0
86338.0	129153.0	5371.0	205863.0	87475.0
86379.0	129214.0	5374.0	205960.0	87516.0
86420.0	129275.0	5377.0	206057.0	87557.0
86461.0	129336.0	5380.0	206154.0	87598.0
86502.0	129397.0	5383.0	206251.0	87639.0
86543.0	129458.0	5386.0	206348.0	87680.0
86584.0	129519.0	5389.0	206445.0	87721.0
86625.0	129580.0	5392.0	206542.0	87762.0
86666.0	129641.0	5395.0	206639.0	87803.0
86707.0	129702.0	5398.0	206736.0	87844.0
86748.0	129763.0	5401.0	206833.0	87885.0
86789.0	129824.0	5404.0	206930.0	87926.0
86830.0	129885.0	5407.0	207027.0	87967.0
86871.0	129946.0	5410.0	207124.0	88008.0
86912.0	130007.0	5413.0	207221.0	88049.0
86953.0	130068.0	5416.0	207318.0	88090.0
86994.0	130129.0	5419.0	207415.0	88131.0
87035.0	130190.0	5422.0	207512.0	88172.0
87076.0	130251.0	5425.0	207609.0	88213.0
87117.0	130312.0	5428.0	207706.0	88254.0
87158.0	130373.0	5431.0	207803.0	88295.0
87199.0	130434.0	5434.0	207900.0	88336.0
87240.0	130495.0	5437.0	207997.0	88377.0
87281.0	130556.0	5440.0	208094.0	88418.0
87322.0	130617.0	5443.0	208191.0	88459.0
87363.0	130678.0	5446.0	208288.0	88500.0
87404.0	130739.0	5449.0	208385.0	88541.0
87445.0	130800.0	5452.0	208482.0	88582.0
87486.0	130861.0	5455.0	208579.0	88623.0
87527.0	130922.0	5458.0	208676.0	88664.0
87568.0	130983.0	5461.0	208773.0	88705.0
87609.0	131044.0	5464.0	208870.0	88746.0
87650.0	131105.0	5467.0	208967.0	88787.0
87691.0	131166.0	5470.0	209064.0	88828.0
87732.0	131227.0	5473.0	209161.0	88869.0
87773.0	131288.0	5476.0	209258.0	88910.0
87814.0	131349.0	5479.0	209355.0	88951.0
87855.0	131410.0	5482.0	209452.0	88992.0
87896.0	131471.0	5485.0	209549.0	89033.0
87937.0	131532.0	5488.0	209646.0	89074.0
87978.0	131593.0	5491.0	209743.0	89115.0
88019.0	131654.0	5494.0	209840.0	89156.0
88060.0	131715.0	5497.0	209937.0	89197.0
88101.0	131776.0	5500.0	210034.0	89238.0
88142.0	131837.0	5503.0	210131.0	89279.0
88183.0	131898.0	5506.0	210228.0	89320.0
88224.0	131959.0	5509.0	210325.0	89361.0
88265.0	132020.0	5512.0	210422.0	89402.0
88306.0	132081.0	5515.0	210519.0	89443.0
88347.0	132142.0	5518.0	210616.0	89484.0
88388.0	132203.0	5521.0	210713.0	89525.0
88429.0	132264.0	5524.0	210810.0	89566.0
88470.0	132325.0	5527.0	210907.0	89607.0
88511.0	132386.0	5530.0	211004.0	89648.0
88552.0	132447.0	5533.0	211101.0	89689.0
88593.0	132508.0	5536.0	211198.0	89730.0
88634.0	132569.0	5539.0	211295.0	89771.0
88675.0	132630.0	5542.0	211392.0	89812.0
88716.0	132691.0	5545.0	211489.0	89853.0
88757.0	132752.0	5548.0	211586.0	89894.0
88798.0	132813.0	5551.0	211683.0	89935.0
88839.0	132874.0	5554.0	211780.0	89976.0
88880.0	132935.0	5557.0	211877.0	90017.0
88921.0	132996.0	5560.0	211974.0	90058.0
88962.0	133057.0	5563.0	212071.0	90099.0
89003.0	133118.0	5566.0	212168.0	90140.0
89044.0	133179.0	5569.0	212265.0	90181.0
89085.0	133240.0	5572.0	212362.0	90222.0
89126.0	133301.0	5575.0	212459.0	90263.0
89167.0	133362.0	5578.0	212556.0	90304.0
89208.0	133423.0	5581.0	212653.0	90345.0
89249.0	133484.0	5584.0	212750.0	90386.0
89290.0	133545.0	5587.0	212847.0	90427.0
89331.0	133606.0	5590.0	212944.0	90468.0
89372.0	133667.0	5593.0	213041.0	90509.0
89413.0	133728.0	5596.0	213138.0	90550.0
89454.0	133789.0	5599.0	213235.0	90591.0
89495.0	133850.0	5602.0	213332.0	90632.0
89536.0	133911.0	5605.0	213429.0	90673.0
89577.0	133972.0	5608.0	213526.0	90714.0
89618.0	134033.0	5611.0	213623.0	90755.0
89659.0	134094.0	5614.0	213720.0	90796.0
89700.0	134155.0	5617.0	213817.0	90837.0
89741.0	134216.0	5620.0	213914.0	90878.0
89782.0	134277.0	5623.0	214011.0	90919.0
89823.0	134338.0	5626.0	214108.0	90960.0
89864.0	134399.0	5629.0	214205.0	91001.0
89905.0	134460.0	5632.0	214302.0	91042.0
89946.0	134521.0	5635.0	214399.0	91083.0
89987.0	134582.0	5638.0	214496.0	91124.0
90028.0	134643.0	5641.0	214593.0	91165.0
90069.0	134704.0	5644.0	214690.0	91206.0
90110.0	134765.0	5647.0	214787.0	91247.0
90151.0	134826.0	5650.0	214884.0	91288.0
90192.0	134887.0	5653.0	214981.0	91329.0
90233.0	134948.0	5656.0	215078.0	91370.0
90274.0	135009.0	5659.0	215175.0	91411.0
90315.0	135070.0	5662.0	215272.0	91452.0
90356.0	135131.0	5665.0	215369.0	91493.0
90397.0	135192.0	5668.0	215466.0	91534.0
90438.0	135253.0	5671.0	215563.0	91575.0
90479.0	135314.0	5674.0	215660.0	91616.0
90520.0	135375.0	5677.0	215757.0	91657.0
90561.0	135436.0	5680.0	215854.0	91698.0
90602.0	135497.0	5683.0	215951.0	91739.0
90643.0	135558.0	5686.0	216048.0	91780.0
90684.0	135619.0	5689.0	216145.0	91821.0
90725.0	135680.0	5692.0	216242.0	91862.0
90766.0	135741.0	5695.0	216339.0	91903.0
90807.0	135802.0	5698.0	216436.0	91944.0
90848.0	135863.0	5701.0	216533.0	91985.0
90889.0	135924.0	5704.0	216630.0	92026.0
90930.0	135985.0	5707.0	216727.0	92067.0
90971.0	136046.0	5710.0	216824.0	92108.0
91012.0	136107.0	5713.0	216921.0	92149.0
91053.0	136168.0	5716.0	217018.0	92190.0
91094.0	136229.0	5719.0	217115.0	92231.0
91135.0	136290.0	5722.0	217212.0	92272.0
91176.0	136351.0	5725.0	217309.0	92313.0
91217.0	136412.0	5728.0	217406.0	92354.0
91258.0	136473.0	5731.0	217503.0	92395.0
91299.0	136534.0	5734.0	217600.0	92436.0
91340.0	136595.0	5737.0	217697.0	92477.0
91381.0	136656.0	5740.0	217794.0	92518.0
91422.0	136717.0	5743.0	217891.0	92559.0
91463.0	136778.0	5746.0	217988.0	92600.0
91504.0	136839.0	5749.0	218085.0	92641.0
91545.0	136900.0	5752.0	218182.0	92682.0
91586.0	136961.0	5755.0	218279.0	92723.0
91627.0	137022.0	5758.0	218376.0	92764.0
91668.0	137083.0	5761.0	218473.0	92805.0
91709.0	137144.0	5764.0	218570.0	92846.0
91750.0	137205.0	5767.0	218667.0	92887.0
91791.0	137266.0	5770.0	218764.0	92928.0
91832.0	137327.0	5773.0	218861.0	92969.0
91873.0	137388.0	5776.0	218958.0	93010.0
91914.0	137449.0	5779.0	219055.0	93051.0
91955.0	137510.0	5782.0	219152.0	93092.0
91996.0	137571.0	5785.0	219249.0	93133.0
92037.0	137632.0	5788.0	219346.0	93174.0
92078.0	137693.0	5791.0	219443.0	93215.0
92119.0	137754.0	5794.0	219540.0	93256.0
92160.0	137815.0	5797.0	219637.0	93297.0
92201.0	137876.0	5800.0	219734.0	93338.0
92242.0	137937.0	5803.0	219831.0	93379.0
92283.0	137998.0	5806.0	219928.0	93420.0
92324.0	138059.0	5809.0	220025.0	93461.0
92365.0	138120.0	5812.0	220122.0	93502.0
92406.0	138181.0	5815.0	220219.0	93543.0
92447.0	138242.0	5818.0	220316.0	93584.0
92488.0	138303.0	5821.0	220413.0	93625.0
92529.0	138364.0	5824.0	220510.0	93666.0
92570.0	138425.0	5827.0	220607.0	93707.0
92611.0	138486.0	5830.0	220704.0	93748.0
92652.0	138547.0	5833.0	220801.0	93789.0
92693.0	138608.0	5836.0	220898.0	93830.0
92734.0	138669.0	5839.0	220995.0	93871.0
92775.0	138730.0	5842.0	221092.0	93912.0
92816.0	138791.0	5845.0	221189.0	93953.0
92857.0	138852.0	5848.0	221286.0	93994.0
92898.0	138913.0	5851.0	221383.0	94035.0
92939.0	138974.0	5854.0	221480.0	94076.0
92980.0	139035.0	5857.0	221577.0	94117.0
93021.0	139096.0	5860.0	221674.0	94158.0
93062.0	139157.0	5863.0	221771.0	94199.0
93103.0	139218.0	5866.0	221868.0	94240.0
93144.0	139279.0	5869.0	221965.0	94281.0
93185.0	139340.0	5872.0	222062.0	94322.0
93226.0	139401.0	5875.0	222159.0	94363.0
93267.0	139462.0	5878.0	222256.0	94404.0
93308.0	139523.0	5881.0	222353.0	94445.0
93349.0	139584.0	5884.0	222450.0	94486.0
93390.0	139645.0	5887.0	222547.0	94527.0
93431.0	139706.0	5890.0	222644.0	94568.0
93472.0	139767.0	5893.0	222741.0	94609.0
93513.0	139828.0	5896.0	222838.0	94650.0
93554.0	139889.0	5899.0	222935.0	94691.0
93595.0	139950.0	5902.0	223032.0	94732.0
93636.0	140011.0	5905.0	223129.0	94773.0
93677.0	140072.0	5908.0	223226.0	94814.0
93718.0	140133.0	5911.0	223323.0	94855.0
93759.0	140194.0	5914.0	223420.0	94896.0
93800.0	140255.0	5917.0	223517.0	94937.0
93841.0	140316.0	5920.0	223614.0	94978.0
93882.0	140377.0	5923.0	223711.0	95019.0
93923.0	140438.0	5926.0	223808.0	95060.0
93964.0	140499.0	5929.0	223905.0	95101.0
94005.0	140560.0	5932.0	224002.0	95142.0
94046.0	140621.0	5935.0	224099.0	95183.0
94087.0	140682.0	5938.0	224196.0	95224.0
94128.0	140743.0	5941.0	224293.0	95265.0
94169.0	140804.0	5944.0	224390.0	95306.0
94210.0	140865.0	5947.0	224487.0	95347.0
94251.0	140926.0	5950.0	224584.0	95388.0
94292.0	140987.0	5953.0	224681.0	95429.0
94333.0	141048.0	5956.0	224778.0	95470.0
94374.0	141109.0	5959.0	224875.0	95511.0
94415.0	141170.0	5962.0	224972.0	95552.0
94456.0	141231.0	5965.0	225069.0	95593.0
94497.0	141292.0	5968.0	225166.0	95634.0
94538.0	141353.0	5971.0	225263.0	95675.0
94579.0	141414.0	5974.0	225360.0	95716.0
94620.0	141475.0	5977.0	225457.0	95757.0
94661.0	141536.0	5980.0	225554.0	95798.0
94702.0	141597.0	5983.0	225651.0	95839.0
94743.0	141658.0	5986.0	225748.0	95880.0
94784.0	141719.0	5989.0	225845.0	95921.0
94825.0	141780.0	5992.0	225942.0	95962.0
94866.0	141841.0	5995.0	226039.0	96003.0
94907.0	141902.0	5998.0	226136.0	96044.0
94948.0	141963.0	6001.0	226233.0	96085.0
94989.0	142024.0	6004.0	226330.0	96126.0
95030.0	142085.0	6007.0	226427.0	96167.0
95071.0	142146.0	6010.0	226524.0	96208.0
95112.0	142207.0	6013.0	226621.0	96249.0
95153.0	142268.0	6016.0	226718.0	96290.0
95194.0	142329.0	6019.0	226815.0	96331.0
95235.0	142390.0	6022.0	226912.0	96372.0
95276.0	142451.0	6025.0	227009.0	96413.0
95317.0	142512.0	6028.0	227106.0	96454.0
95358.0	142573.0	6031.0	227203.0	96495.0
95399.0	142634.0	6034.0	227300.0	96536.0
95440.0	142695.0	6037.0	227397.0	96577.0
95481.0	142756.0	6040.0	227494.0	96618.0
95522.0	142817.0	6043.0	227591.0	96659.0
95563.0	142878.0	6046.0	227688.0	96700.0
95604.0	142939.0	6049.0	227785.0	96741.0
95645.0	143000.0	6052.0	227882.0	96782.0
95686.0	143061.0	6055.0	227979.0	96823.0
95727.0	143122.0	6058.0	228076.0	96864.0
95768.0	143183.0	6061.0	228173.0	96905.0
95809.0	143244.0	6064.0	228270.0	96946.0
95850.0	143305.0	6067.0	228367.0	96987.0
95891.0	143366.0	6070.0	228464.0	97028.0
95932.0	143427.0	6073.0	228561.0	97069.0
95973.0	143488.0	6076.0	228658.0	97110.0
96014.0	143549.0	6079.0	228755.0	97151.0
96055.0	143610.0	6082.0	228852.0	97192.0
96096.0	143671.0	6085.0	228949.0	97233.0
96137.0	143732.0	6088.0	229046.0	97274.0
96178.0	143793.0	6091.0	229143.0	97315.0
96219.0	143854.0	6094.0	229240.0	97356.0
96260.0	143915.0	6097.0	229337.0	97397.0
96301.0	143976.0	6100.0	229434.0	97438.0
96342.0	144037.0	6103.0	229531.0	97479.0
96383.0	144098.0	6106.0	229628.0	97520.0
96424.0	144159.0	6109.0	229725.0	97561.0
96465.0	144220.0	6112.0	229822.0	97602.0
96506.0	144281.0	6115.0	229919.0	97643.0
96547.0	144342.0	6118.0	230016.0	97684.0
96588.0	144403.0	6121.0	230113.0	97725.0
96629.0	144464.0	6124.0	230210.0	97766.0
96670.0	144525.0	6127.0	230307.0	97807.0
96711.0	144586.0	6130.0	230404.0	97848.0
96752.0	144647.0	6133.0	230501.0	97889.0
96793.0	144708.0	6136.0	230598.0	97930.0
96834.0	144769.0	6139.0	230695.0	97971.0
96875.0	144830.0	6142.0	230792.0	98012.0
96916.0	144891.0	6145.0	230889.0	98053.0
96957.0	144952.0	6148.0	230986.0	98094.0
96998.0	145013.0	6151.0	231083.0	98135.0
97039.0	145074.0	6154.0	231180.0	98176.0
97080.0	145135.0	6157.0	231277.0	98217.0
97121.0	145196.0	6160.0	231374.0	98258.0
97162.0	145257.0	6163.0	231471.0	98299.0
97203.0	145318.0	6166.0	231568.0	98340.0
97244.0	145379.0	6169.0	231665.0	98381.0
97285.0	145440.0	6172.0	231762.0	98422.0
97326.0	145501.0	6175.0	231859.0	98463.0
97367.0	145562.0	6178.0	231956.0	98504.0
97408.0	145623.0	6181.0	232053.0	98545.0
97449.0	145684.0	6184.0	232150.0	98586.0
97490.0	145745.0	6187.0	232247.0	98627.0
97531.0	145806.0	6190.0	232344.0	98668.0
97572.0	145867.0	6193.0	232441.0	98709.0
97613.0	145928.0	6196.0	232538.0	98750.0
97654.0	145989.0	6199.0	232635.0	98791.0
97695.0	146050.0	6202.0	232732.0	98832.0
97736.0	146111.0	6205.0	232829.0	98873.0
97777.0	146172.0	6208.0	232926.0	98914.0
97818.0	146233.0	6211.0	233023.0	98955.0
97859.0	146294.0	6214.0	233120.0	98996.0
97900.0	146355.0	6217.0	233217.0	99037.0
97941.0	146416.0	6220.0	233314.0	99078.0
97982.0	146477.0	6223.0	233411.0	99119.0
98023.0	146538.0	6226.0	233508.0	99160.0
98064.0	146599.0	6229.0	233605.0	99201.0
98105.0	146660.0	6232.0	233702.0	99242.0
98146.0	146721.0	6235.0	233799.0	99283.0
98187.0	146782.0	6238.0	233896.0	99324.0
98228.0	146843.0	6241.0	233993.0	99365.0
98269.0	146904.0	6244.0	234090.0	99406.0
98310.0	146965.0	6247.0	234187.0	99447.0
98351.0	147026.0	6250.0	234284.0	99488.0
98392.0	147087.0	6253.0	234381.0	99529.0
98433.0	147148.0	6256.0	234478.0	99570.0
98474.0	147209.0	6259.0	234575.0	99611.0
98515.0	147270.0	6262.0	234672.0	99652.0
98556.0	147331.0	6265.0	234769.0	99693.0
98597.0	147392.0	6268.0	234866.0	99734.0
98638.0	147453.0	6271.0	234963.0	99775.0
98679.0	147514.0	6274.0	235060.0	99816.0
98720.0	147575.0	6277.0	235157.0	99857.0
98761.0	147636.0	6280.0	235254.0	99898.0
98802.0	147697.0	6283.0	235351.0	99939.0
98843.0	147758.0	6286.0	235448.0	99980.0
98884.0	147819.0	6289.0	235545.0	100021.0
98925.0	147880.0	6292.0	235642.0	100062.0
98966.0	147941.0	6295.0	235739.0	100103.0
99007.0	148002.0	6298.0	235836.0	100144.0
99048.0	148063.0	6301.0	235933.0	100185.0
99089.0	148124.0	6304.0	236030.0	100226.0
99130.0	148185.0	6307.0	236127.0	100267.0
99171.0	148246.0	6310.0	236224.0	100308.0
99212.0	148307.0	6313.0	236321.0	100349.0
99253.0	148368.0	6316.0	236418.0	100390.0
99294.0	148429.0	6319.0	236515.0	100431.0
99335.0	148490.0	6322.0	236612.0	100472.0
99376.0	148551.0	6325.0	236709.0	100513.0
99417.0	148612.0	6328.0	236806.0	100554.0
99458.0	148673.0	6331.0	236903.0	100595.0
99499.0	148734.0	6334.0	237000.0	100636.0
99540.0	148795.0	6337.0	237097.0	100677.0
99581.0	148856.0	6340.0	237194.0	100718.0
99622.0	148917.0	6343.0	237291.0	100759.0
99663.0	148978.0	6346.0	237388.0	100800.0
99704.0	149039.0	6349.0	237485.0	100841.0
99745.0	149100.0	6352.0	237582.0	100882.0
99786.0	149161.0	6355.0	237679.0	100923.0
99827.0	149222.0	6358.0	237776.0	100964.0
99868.0	149283.0	6361.0	237873.0	101005.0
99909.0	149344.0	6364.0	237970.0	101046.0
99950.0	149405.0	6367.0	238067.0	101087.0
99991.0	149466.0	6370.0	238164.0	101128.0
100032.0	149527.0	6373.0	238261.0	101169.0
100073.0	149588.0	6376.0	238358.0	101210.0
100114.0	149649.0	6379.0	238455.0	101251.0
100155.0	149710.0	6382.0	238552.0	101292.0
100196.0	149771.0	6385.0	238649.0	101333.0
100237.0	149832.0	6388.0	238746.0	101374.0
100278.0	149893.0	6391.0	238843.0	101415.0
100319.0	149954.0	6394.0	238940.0	101456.0
100360.0	150015.0	6397.0	239037.0	101497.0
100401.0	150076.0	6400.0	239134.0	101538.0
100442.0	150137.0	6403.0	239231.0	101579.0
100483.0	150198.0	6406.0	239328.0	101620.0
100524.0	150259.0	6409.0	239425.0	101661.0
100565.0	150320.0	6412.0	239522.0	101702.0
100606.0	150381.0	6415.0	239619.0	101743.0
100647.0	150442.0	6418.0	239716.0	101784.0
100688.0	150503.0	6421.0	239813.0	101825.0
100729.0	150564.0	6424.0	239910.0	101866.0
100770.0	150625.0	6427.0	240007.0	101907.0
100811.0	150686.0	6430.0	240104.0	101948.0
100852.0	150747.0	6433.0	240201.0	101989.0
100893.0	150808.0	6436.0	240298.0	102030.0
100934.0	150869.0	6439.0	240395.0	102071.0
100975.0	150930.0	6442.0	240492.0	102112.0
101016.0	150991.0	6445.0	240589.0	102153.0
101057.0	151052.0	6448.0	240686.0	102194.0
101098.0	151113.0	6451.0	240783.0	102235.0
101139.0	151174.0	6454.0	240880.0	102276.0
101180.0	151235.0	6457.0	240977.0	102317.0
101221.0	151296.0	6460.0	241074.0	102358.0
101262.0	151357.0	6463.0	241171.0	102399.0
101303.0	151418.0	6466.0	241268.0	102440.0
101344.0	151479.0	6469.0	241365.0	102481.0
101385.0	151540.0	6472.0	241462.0	102522.0
101426.0	151601.0	6475.0	241559.0	102563.0
101467.0	151662.0	6478.0	241656.0	102604.0
101508.0	151723.0	6481.0	241753.0	102645.0
101549.0	151784.0	6484.0	241850.0	102686.0
101590.0	151845.0	6487.0	241947.0	102727.0
101631.0	151906.0	6490.0	242044.0	102768.0
101672.0	151967.0	6493.0	242141.0	102809.0
101713.0	152028.0	6496.0	242238.0	102850.0
101754.0	152089.0	6499.0	242335.0	102891.0
101795.0	152150.0	6502.0	242432.0	102932.0
101836.0	152211.0	6505.0	242529.0	102973.0
101877.0	152272.0	6508.0	242626.0	103014.0
101918.0	152333.0	6511.0	242723.0	103055.0
101959.0	152394.0	6514.0	242820.0	103096.0
102000.0	152455.0	6517.0	242917.0	103137.0
102041.0	152516.0	6520.0	243014.0	103178.0
102082.0	152577.0	6523.0	243111.0	103219.0
102123.0	152638.0	6526.0	243208.0	103260.0
102164.0	152699.0	6529.0	243305.0	103301.0
102205.0	152760.0	6532.0	243402.0	103342.0
102246.0	152821.0	6535.0	243499.0	103383.0
102287.0	152882.0	6538.0	243596.0	103424.0
102328.0	152943.0	6541.0	243693.0	103465.0
102369.0	153004.0	6544.0	243790.0	103506.0
102410.0	153065.0	6547.0	243887.0	103547.0
102451.0	153126.0	6550.0	243984.0	103588.0
102492.0	153187.0	6553.0	244081.0	103629.0
102533.0	153248.0	6556.0	244178.0	103670.0
102574.0	153309.0	6559.0	244275.0	103711.0
102615.0	153370.0	6562.0	244372.0	103752.0
102656.0	153431.0	6565.0	244469.0	103793.0
102697.0	153492.0	6568.0	244566.0	103834.0
102738.0	153553.0	6571.0	244663.0	103875.0
102779.0	153614.0	6574.0	244760.0	103916.0
102820.0	153675.0	6577.0	244857.0	103957.0
102861.0	153736.0	6580.0	244954.0	103998.0
102902.0	153797.0	6583.0	245051.0	104039.0
102943.0	153858.0	6586.0	245148.0	104080.0
102984.0	153919.0	6589.0	245245.0	104121.0
103025.0	153980.0	6592.0	245342.0	104162.0
103066.0	154041.0	6595.0	245439.0	104203.0
103107.0	154102.0	6598.0	245536.0	104244.0
103148.0	154163.0	6601.0	245633.0	104285.0
103189.0	154224.0	6604.0	245730.0	104326.0
103230.0	154285.0	6607.0	245827.0	104367.0
103271.0	154346.0	6610.0	245924.0	104408.0
103312.0	154407.0	6613.0	246021.0	104449.0
103353.0	154468.0	6616.0	246118.0	104490.0
103394.0	154529.0	6619.0	246215.0	104531.0
103435.0	154590.0	6622.0	246312.0	104572.0
103476.0	154651.0	6625.0	246409.0	104613.0
103517.0	154712.0	6628.0	246506.0	104654.0
103558.0	154773.0	6631.0	246603.0	104695.0
103599.0	154834.0	6634.0	246700.0	104736.0
103640.0	154895.0	6637.0	246797.0	104777.0
103681.0	154956.0	6640.0	246894.0	104818.0
103722.0	155017.0	6643.0	246991.0	104859.0
103763.0	155078.0	6646.0	247088.0	104900.0
103804.0	155139.0	6649.0	247185.0	104941.0
103845.0	155200.0	6652.0	247282.0	104982.0
103886.0	155261.0	6655.0	247379.0	105023.0
103927.0	155322.0	6658.0	247476.0	105064.0
103968.0	155383.0	6661.0	247573.0	105105.0
104009.0	155444.0	6664.0	247670.0	105146.0
104050.0	155505.0	6667.0	247767.0	105187.0
104091.0	155566.0	6670.0	247864.0	105228.0
104132.0	155627.0	6673.0	247961.0	105269.0
104173.0	155688.0	6676.0	248058.0	105310.0
104214.0	155749.0	6679.0	248155.0	105351.0
104255.0	155810.0	6682.0	248252.0	105392.0
104296.0	155871.0	6685.0	248349.0	105433.0
104337.0	155932.0	6688.0	248446.0	105474.0
104378.0	155993.0	6691.0	248543.0	105515.0
104419.0	156054.0	6694.0	248640.0	105556.0
104460.0	156115.0	6697.0	248737.0	105597.0
104501.0	156176.0	6700.0	248834.0	105638.0
104542.0	156237.0	6703.0	248931.0	105679.0
104583.0	156298.0	6706.0	249028.0	105720.0
104624.0	156359.0	6709.0	249125.0	105761.0
104665.0	156420.0	6712.0	249222.0	105802.0
104706.0	156481.0	6715.0	249319.0	105843.0
104747.0	156542.0	6718.0	249416.0	105884.0
104788.0	156603.0	6721.0	249513.0	105925.0
104829.0	156664.0	6724.0	249610.0	105966.0
104870.0	156725.0	6727.0	249707.0	106007.0
104911.0	156786.0	6730.0	249804.0	106048.0
104952.0	156847.0	6733.0	249901.0	106089.0
104993.0	156908.0	6736.0	249998.0	106130.0
105034.0	156969.0	6739.0	250095.0	106171.0
105075.0	157030.0	6742.0	250192.0	106212.0
105116.0	157091.0	6745.0	250289.0	106253.0
105157.0	157152.0	6748.0	250386.0	106294.0
105198.0	157213.0	6751.0	250483.0	106335.0
105239.0	157274.0	6754.0	250580.0	106376.0
105280.0	157335.0	6757.0	250677.0	106417.0
105321.0	157396.0	6760.0	250774.0	106458.0
105362.0	157457.0	6763.0	250871.0	106499.0
105403.0	157518.0	6766.0	250968.0	106540.0
105444.0	157579.0	6769.0	251065.0	106581.0
105485.0	157640.0	6772.0	251162.0	106622.0
105526.0	157701.0	6775.0	251259.0	106663.0
105567.0	157762.0	6778.0	251356.0	106704.0
105608.0	157823.0	6781.0	251453.0	106745.0
105649.0	157884.0	6784.0	251550.0	106786.0
105690.0	157945.0	6787.0	251647.0	106827.0
105731.0	158006.0	6790.0	251744.0	106868.0
105772.0	158067.0	6793.0	251841.0	106909.0
105813.0	158128.0	6796.0	251938.0	106950.0
105854.0	158189.0	6799.0	252035.0	106991.0
105895.0	158250.0	6802.0	252132.0	107032.0
105936.0	158311.0	6805.0	252229.0	107073.0
105977.0	158372.0	6808.0	252326.0	107114.0
106018.0	158433.0	6811.0	252423.0	107155.0
106059.0	158494.0	6814.0	252520.0	107196.0
106100.0	158555.0	6817.0	252617.0	107237.0
106141.0	158616.0	6820.0	252714.0	107278.0
106182.0	158677.0	6823.0	252811.0	107319.0
106223.0	158738.0	6826.0	252908.0	107360.0
106264.0	158799.0	6829.0	253005.0	107401.0
106305.0	158860.0	6832.0	253102.0	107442.0
106346.0	158921.0	6835.0	253199.0	107483.0
106387.0	158982.0	6838.0	253296.0	107524.0
106428.0	159043.0	6841.0	253393.0	107565.0
106469.0	159104.0	6844.0	253490.0	107606.0
106510.0	159165.0	6847.0	253587.0	107647.0
106551.0	159226.0	6850.0	253684.0	107688.0
106592.0	159287.0	6853.0	253781.0	107729.0
106633.0	159348.0	6856.0	253878.0	107770.0
106674.0	159409.0	6859.0	253975.0	107811.0
106715.0	159470.0	6862.0	254072.0	107852.0
106756.0	159531.0	6865.0	254169.0	107893.0
106797.0	159592.0	6868.0	254266.0	107934.0
106838.0	159653.0	6871.0	254363.0	107975.0
106879.0	159714.0	6874.0	254460.0	108016.0
106920.0	159775.0	6877.0	254557.0	108057.0
106961.0	159836.0	6880.0	254654.0	108098.0
107002.0	159897.0	6883.0	254751.0	108139.0
107043.0	159958.0	6886.0	254848.0	108180.0
107084.0	160019.0	6889.0	254945.0	108221.0
107125.0	160080.0	6892.0	255042.0	108262.0
107166.0	160141.0	6895.0	255139.0	108303.0
107207.0	160202.0	6898.0	255236.0	108344.0
107248.0	160263.0	6901.0	255333.0	108385.0
107289.0	160324.0	6904.0	255430.0	108426.0
107330.0	160385.0	6907.0	255527.0	108467.0
107371.0	160446.0	6910.0	255624.0	108508.0
107412.0	160507.0	6913.0	255721.0	108549.0
107453.0	160568.0	6916.0	255818.0	108590.0
107494.0	160629.0	6919.0	255915.0	108631.0
107535.0	160690.0	6922.0	256012.0	108672.0
107576.0	160751.0	6925.0	256109.0	108713.0
107617.0	160812.0	6928.0	256206.0	108754.0
107658.0	160873.0	6931.0	256303.0	108795.0
107699.0	160934.0	6934.0	256400.0	108836.0
107740.0	160995.0	6937.0	256497.0	108877.0
107781.0	161056.0	6940.0	256594.0	108918.0
107822.0	161117.0	6943.0	256691.0	108959.0
107863.0	161178.0	6946.0	256788.0	109000.0
107904.0	161239.0	6949.0	256885.0	109041.0
107945.0	161300.0	6952.0	256982.0	109082.0
107986.0	161361.0	6955.0	257079.0	109123.0
108027.0	161422.0	6958.0	257176.0	109164.0
108068.0	161483.0	6961.0	257273.0	109205.0
108109.0	161544.0	6964.0	257370.0	109246.0
108150.0	161605.0	6967.0	257467.0	109287.0
